1,0,0,669,50,215,0.7227,-1,-1,-1
1,1,1611,558,51,116,0.6828,-1,-1,-1
2,0,0,655,43,218,0.7174,-1,-1,-1
2,1,1615,551,56,123,0.6645,-1,-1,-1
3,0,0,678,36,221,0.6490,-1,-1,-1
3,1,1619,550,62,120,0.6357,-1,-1,-1
3,2,106,720,44,97,0.5275,-1,-1,-1
4,1,1629,549,59,123,0.6923,-1,-1,-1
5,1,1635,558,61,126,0.7306,-1,-1,-1
5,3,1383,513,34,107,0.6983,-1,-1,-1
6,1,1643,572,64,125,0.6806,-1,-1,-1
6,3,1388,527,34,109,0.6988,-1,-1,-1
7,1,1649,568,65,130,0.6596,-1,-1,-1
7,3,1390,518,35,111,0.6632,-1,-1,-1
8,1,1656,580,65,127,0.7314,-1,-1,-1
8,3,1393,529,35,111,0.6549,-1,-1,-1
8,5,1569,583,52,121,0.5502,-1,-1,-1
9,1,1663,583,66,131,0.7526,-1,-1,-1
9,3,1396,531,35,110,0.6316,-1,-1,-1
9,5,1578,586,48,123,0.6543,-1,-1,-1
10,1,1667,596,70,131,0.7851,-1,-1,-1
10,3,1399,541,34,107,0.5985,-1,-1,-1
10,5,1583,599,47,123,0.7531,-1,-1,-1
10,0,0,727,48,118,0.5317,-1,-1,-1
11,1,1676,585,65,132,0.7162,-1,-1,-1
11,3,1400,532,35,106,0.5580,-1,-1,-1
11,5,1589,590,49,124,0.7428,-1,-1,-1
12,1,1686,590,64,129,0.6484,-1,-1,-1
12,3,1404,532,34,112,0.6952,-1,-1,-1
12,5,1597,594,50,123,0.7137,-1,-1,-1
13,1,1694,587,62,132,0.7283,-1,-1,-1
13,3,1408,527,34,109,0.7396,-1,-1,-1
13,5,1604,592,51,124,0.7537,-1,-1,-1
14,1,1702,584,60,134,0.6759,-1,-1,-1
14,3,1408,527,35,109,0.7299,-1,-1,-1
14,5,1610,589,51,125,0.7848,-1,-1,-1
15,1,1711,585,60,135,0.7684,-1,-1,-1
15,3,1412,530,34,105,0.7159,-1,-1,-1
15,5,1618,591,52,127,0.7533,-1,-1,-1
16,1,1717,590,61,137,0.7663,-1,-1,-1
16,3,1415,532,36,106,0.7293,-1,-1,-1
16,5,1627,596,52,125,0.7573,-1,-1,-1
16,6,34,578,56,181,0.6536,-1,-1,-1
17,1,1724,591,60,138,0.7593,-1,-1,-1
17,3,1415,532,39,108,0.6577,-1,-1,-1
17,5,1634,595,52,129,0.8008,-1,-1,-1
17,6,26,586,51,180,0.5588,-1,-1,-1
18,1,1730,591,63,140,0.5128,-1,-1,-1
18,3,1418,531,38,110,0.6314,-1,-1,-1
18,5,1643,596,55,129,0.3782,-1,-1,-1
18,6,6,588,58,183,0.5909,-1,-1,-1
19,1,1738,594,65,141,0.3221,-1,-1,-1
19,3,1421,531,39,110,0.6465,-1,-1,-1
19,5,1651,596,57,132,0.3042,-1,-1,-1
19,6,0,589,51,184,0.5287,-1,-1,-1
20,1,1745,596,66,140,0.6222,-1,-1,-1
20,3,1423,532,39,111,0.6863,-1,-1,-1
20,5,1659,593,55,138,0.7549,-1,-1,-1
20,6,-2,591,41,188,0.4937,-1,-1,-1
21,1,1755,599,66,140,0.6967,-1,-1,-1
21,3,1426,531,40,111,0.7278,-1,-1,-1
21,5,1666,597,55,137,0.7568,-1,-1,-1
22,1,1766,601,65,139,0.5959,-1,-1,-1
22,3,1430,530,38,112,0.7400,-1,-1,-1
22,5,1674,599,53,139,0.4291,-1,-1,-1
23,1,1777,602,66,142,0.6364,-1,-1,-1
23,3,1431,532,39,109,0.7537,-1,-1,-1
23,5,1681,599,56,143,0.7152,-1,-1,-1
24,1,1787,596,66,149,0.6371,-1,-1,-1
24,3,1434,530,39,110,0.7643,-1,-1,-1
24,5,1686,599,60,143,0.6749,-1,-1,-1
25,1,1798,603,65,150,0.6339,-1,-1,-1
25,3,1439,534,38,116,0.6735,-1,-1,-1
25,5,1693,606,62,145,0.6064,-1,-1,-1
26,1,1806,607,69,149,0.7359,-1,-1,-1
26,3,1442,537,40,116,0.6976,-1,-1,-1
26,5,1703,608,62,149,0.8056,-1,-1,-1
27,1,1814,610,69,153,0.6851,-1,-1,-1
27,3,1443,540,42,115,0.7194,-1,-1,-1
27,5,1710,612,61,150,0.7626,-1,-1,-1
28,1,1821,610,72,156,0.7918,-1,-1,-1
28,3,1448,541,43,116,0.7144,-1,-1,-1
28,5,1719,616,59,151,0.7501,-1,-1,-1
29,1,1830,620,73,157,0.8027,-1,-1,-1
29,3,1451,550,43,113,0.7750,-1,-1,-1
29,5,1726,624,60,152,0.7674,-1,-1,-1
30,1,1837,621,74,159,0.7282,-1,-1,-1
30,3,1454,548,43,116,0.7756,-1,-1,-1
30,5,1735,623,60,157,0.7799,-1,-1,-1
30,7,1537,529,33,90,0.5761,-1,-1,-1
31,1,1849,627,70,158,0.7036,-1,-1,-1
31,3,1455,552,45,120,0.8019,-1,-1,-1
31,5,1745,629,62,151,0.6813,-1,-1,-1
31,7,1540,529,33,94,0.6800,-1,-1,-1
31,8,443,577,42,113,0.6460,-1,-1,-1
32,1,1859,632,63,155,0.6790,-1,-1,-1
32,3,1458,554,45,120,0.7570,-1,-1,-1
32,5,1753,631,64,151,0.7892,-1,-1,-1
32,7,1545,529,32,93,0.5597,-1,-1,-1
32,8,440,572,41,112,0.6875,-1,-1,-1
33,1,1868,622,54,160,0.7406,-1,-1,-1
33,3,1463,541,44,126,0.7229,-1,-1,-1
33,5,1761,619,65,150,0.7966,-1,-1,-1
33,7,1549,518,34,94,0.5486,-1,-1,-1
33,8,436,560,42,113,0.5578,-1,-1,-1
34,1,1878,630,44,151,0.5585,-1,-1,-1
34,3,1467,544,43,125,0.7430,-1,-1,-1
34,5,1771,620,66,156,0.7872,-1,-1,-1
34,7,1554,520,34,94,0.6568,-1,-1,-1
34,8,434,566,41,113,0.4486,-1,-1,-1
35,3,1471,541,41,123,0.7070,-1,-1,-1
35,5,1783,619,64,157,0.7185,-1,-1,-1
35,7,1560,517,34,92,0.6879,-1,-1,-1
35,8,433,558,42,112,0.5675,-1,-1,-1
36,3,1476,537,41,126,0.7155,-1,-1,-1
36,5,1791,618,71,164,0.7910,-1,-1,-1
36,7,1564,515,35,92,0.6386,-1,-1,-1
36,8,432,557,40,110,0.3589,-1,-1,-1
37,3,1481,536,40,127,0.7542,-1,-1,-1
37,5,1799,620,76,167,0.7775,-1,-1,-1
37,7,1569,511,34,95,0.5816,-1,-1,-1
37,8,429,556,38,108,0.4219,-1,-1,-1
38,3,1483,530,42,130,0.7098,-1,-1,-1
38,5,1806,617,80,174,0.7986,-1,-1,-1
38,7,1573,504,35,96,0.5774,-1,-1,-1
38,8,426,552,37,112,0.4417,-1,-1,-1
39,3,1488,535,43,129,0.6728,-1,-1,-1
39,5,1820,624,78,173,0.7934,-1,-1,-1
39,7,1579,506,37,97,0.5255,-1,-1,-1
39,8,424,542,39,118,0.4167,-1,-1,-1
40,3,1491,534,44,129,0.6884,-1,-1,-1
40,5,1831,627,77,176,0.7706,-1,-1,-1
40,7,1582,503,36,101,0.5053,-1,-1,-1
40,8,421,537,40,124,0.3638,-1,-1,-1
41,3,1496,539,44,128,0.7372,-1,-1,-1
41,5,1845,630,74,181,0.8181,-1,-1,-1
41,7,1589,504,36,103,0.6293,-1,-1,-1
41,8,420,536,42,126,0.4132,-1,-1,-1
42,3,1501,540,43,129,0.7572,-1,-1,-1
42,5,1856,638,66,178,0.7751,-1,-1,-1
42,7,1593,504,37,104,0.7364,-1,-1,-1
42,8,418,540,44,125,0.5136,-1,-1,-1
43,3,1505,545,43,126,0.7659,-1,-1,-1
43,5,1868,641,55,174,0.7496,-1,-1,-1
43,7,1596,507,37,103,0.6205,-1,-1,-1
43,8,414,535,45,133,0.5818,-1,-1,-1
44,3,1509,547,42,130,0.7792,-1,-1,-1
44,5,1880,643,42,174,0.6943,-1,-1,-1
44,7,1598,507,38,105,0.5514,-1,-1,-1
44,8,411,536,45,134,0.5769,-1,-1,-1
45,3,1515,552,43,130,0.6871,-1,-1,-1
45,7,1601,510,40,107,0.6578,-1,-1,-1
45,8,412,535,44,135,0.5189,-1,-1,-1
46,3,1519,552,42,132,0.7411,-1,-1,-1
46,7,1602,511,43,106,0.6494,-1,-1,-1
46,8,407,538,47,131,0.5402,-1,-1,-1
47,3,1524,553,42,135,0.7345,-1,-1,-1
47,7,1612,520,40,98,0.5858,-1,-1,-1
47,8,405,536,49,132,0.4569,-1,-1,-1
48,3,1528,555,44,136,0.7076,-1,-1,-1
48,7,1618,526,37,94,0.6067,-1,-1,-1
48,8,402,538,50,134,0.5239,-1,-1,-1
49,3,1533,559,44,135,0.7093,-1,-1,-1
49,7,1625,532,32,91,0.5745,-1,-1,-1
49,8,400,549,48,125,0.5633,-1,-1,-1
50,3,1537,557,45,137,0.7270,-1,-1,-1
50,7,1631,531,31,89,0.6473,-1,-1,-1
50,8,398,548,48,123,0.5641,-1,-1,-1
51,3,1542,561,48,136,0.6839,-1,-1,-1
51,7,1637,533,30,90,0.6509,-1,-1,-1
51,8,397,550,47,123,0.5747,-1,-1,-1
52,3,1547,560,50,142,0.7002,-1,-1,-1
52,7,1640,533,30,90,0.5772,-1,-1,-1
52,8,394,549,48,126,0.5857,-1,-1,-1
53,3,1550,559,50,144,0.7390,-1,-1,-1
53,7,1644,534,30,88,0.5800,-1,-1,-1
53,8,390,549,50,129,0.5849,-1,-1,-1
54,3,1554,557,49,147,0.7512,-1,-1,-1
54,7,1648,534,31,89,0.6557,-1,-1,-1
54,8,387,549,49,129,0.5859,-1,-1,-1
55,3,1558,558,50,148,0.7779,-1,-1,-1
55,7,1652,533,33,92,0.6973,-1,-1,-1
55,8,386,546,47,133,0.5469,-1,-1,-1
56,3,1562,561,50,147,0.6568,-1,-1,-1
56,7,1654,530,37,97,0.7666,-1,-1,-1
56,8,381,550,48,129,0.5639,-1,-1,-1
57,3,1567,560,52,148,0.6289,-1,-1,-1
57,7,1656,525,38,99,0.7263,-1,-1,-1
57,8,378,552,47,126,0.5907,-1,-1,-1
58,3,1572,555,53,151,0.6395,-1,-1,-1
58,7,1659,522,38,100,0.6576,-1,-1,-1
58,8,376,550,44,127,0.6480,-1,-1,-1
59,3,1577,556,54,150,0.6790,-1,-1,-1
59,7,1662,518,41,103,0.6097,-1,-1,-1
59,8,373,549,45,126,0.6709,-1,-1,-1
60,3,1581,557,52,150,0.6778,-1,-1,-1
60,7,1667,517,38,104,0.6512,-1,-1,-1
60,8,370,547,45,129,0.5683,-1,-1,-1
61,3,1585,554,52,150,0.5769,-1,-1,-1
61,7,1671,519,37,97,0.6162,-1,-1,-1
61,8,365,552,45,125,0.5490,-1,-1,-1
62,3,1592,556,52,152,0.6894,-1,-1,-1
62,7,1673,523,40,99,0.6286,-1,-1,-1
62,8,363,547,44,128,0.4496,-1,-1,-1
63,3,1596,549,56,150,0.6149,-1,-1,-1
63,7,1678,511,38,99,0.6119,-1,-1,-1
63,8,361,554,45,131,0.3074,-1,-1,-1
64,3,1601,563,57,148,0.6768,-1,-1,-1
64,7,1688,522,35,99,0.6016,-1,-1,-1
64,8,358,548,46,133,0.4342,-1,-1,-1
65,3,1603,564,56,148,0.6859,-1,-1,-1
65,7,1691,525,34,94,0.6949,-1,-1,-1
65,8,352,549,45,133,0.3998,-1,-1,-1
66,3,1609,562,57,149,0.7170,-1,-1,-1
66,7,1696,520,35,96,0.6691,-1,-1,-1
66,8,349,554,46,134,0.5660,-1,-1,-1
67,3,1614,574,57,147,0.7328,-1,-1,-1
67,7,1700,532,35,97,0.6580,-1,-1,-1
67,8,345,550,48,136,0.5795,-1,-1,-1
68,3,1617,565,57,152,0.7613,-1,-1,-1
68,7,1701,528,35,94,0.7244,-1,-1,-1
68,8,342,550,46,138,0.5677,-1,-1,-1
69,3,1621,573,57,154,0.7735,-1,-1,-1
69,7,1703,538,36,92,0.6678,-1,-1,-1
69,8,338,547,48,139,0.5447,-1,-1,-1
70,3,1624,568,59,158,0.7391,-1,-1,-1
70,7,1704,535,37,92,0.6421,-1,-1,-1
70,8,332,545,49,139,0.6439,-1,-1,-1
71,3,1629,570,59,160,0.7620,-1,-1,-1
71,7,1705,539,37,90,0.6206,-1,-1,-1
71,8,328,545,48,138,0.5413,-1,-1,-1
71,9,376,554,48,130,0.6124,-1,-1,-1
72,3,1632,564,61,167,0.7560,-1,-1,-1
72,7,1706,538,40,88,0.5597,-1,-1,-1
72,8,322,546,50,140,0.7002,-1,-1,-1
72,9,372,559,47,128,0.5806,-1,-1,-1
73,3,1639,567,59,167,0.7162,-1,-1,-1
73,7,1708,539,42,91,0.5214,-1,-1,-1
73,8,318,545,50,140,0.6253,-1,-1,-1
73,9,368,558,46,126,0.5590,-1,-1,-1
74,3,1641,561,63,176,0.7246,-1,-1,-1
74,7,1711,538,41,90,0.5701,-1,-1,-1
74,8,310,545,54,139,0.6159,-1,-1,-1
74,9,362,552,48,132,0.5905,-1,-1,-1
75,3,1645,572,63,171,0.7713,-1,-1,-1
75,7,1710,539,43,93,0.5338,-1,-1,-1
75,8,301,546,55,138,0.5052,-1,-1,-1
75,9,354,550,50,135,0.6042,-1,-1,-1
76,3,1648,573,64,171,0.7768,-1,-1,-1
76,7,1712,537,42,94,0.5359,-1,-1,-1
76,8,294,544,58,140,0.6535,-1,-1,-1
76,9,350,552,49,132,0.5877,-1,-1,-1
77,3,1651,580,64,166,0.7232,-1,-1,-1
77,7,1712,540,42,93,0.4616,-1,-1,-1
77,8,288,544,58,141,0.5867,-1,-1,-1
77,9,344,553,50,132,0.4853,-1,-1,-1
78,3,1652,583,67,166,0.7704,-1,-1,-1
78,7,1712,539,42,94,0.4368,-1,-1,-1
78,8,278,544,61,141,0.5917,-1,-1,-1
78,9,338,550,50,137,0.5064,-1,-1,-1
79,3,1652,584,71,166,0.7951,-1,-1,-1
79,7,1713,539,40,94,0.4701,-1,-1,-1
79,8,272,539,60,144,0.4738,-1,-1,-1
79,9,332,546,52,140,0.5575,-1,-1,-1
80,3,1652,583,75,168,0.7977,-1,-1,-1
80,7,1713,535,40,97,0.5338,-1,-1,-1
80,8,265,539,60,146,0.5841,-1,-1,-1
80,9,325,550,53,137,0.6177,-1,-1,-1
81,3,1652,582,76,170,0.7822,-1,-1,-1
81,7,1713,532,39,99,0.5640,-1,-1,-1
81,8,264,543,54,141,0.4931,-1,-1,-1
81,9,319,556,51,130,0.5580,-1,-1,-1
82,3,1656,584,74,170,0.7551,-1,-1,-1
82,7,1713,531,37,100,0.5533,-1,-1,-1
82,8,260,544,51,141,0.5061,-1,-1,-1
82,9,314,556,48,131,0.4773,-1,-1,-1
83,3,1660,582,73,172,0.7432,-1,-1,-1
83,7,1712,531,37,98,0.5639,-1,-1,-1
83,8,251,545,53,143,0.4136,-1,-1,-1
83,9,303,558,56,133,0.5640,-1,-1,-1
84,3,1664,580,72,174,0.7501,-1,-1,-1
84,7,1711,530,37,97,0.5374,-1,-1,-1
84,8,245,544,52,146,0.5364,-1,-1,-1
84,9,298,562,54,130,0.5840,-1,-1,-1
85,3,1667,580,70,179,0.7886,-1,-1,-1
85,7,1710,531,38,96,0.4898,-1,-1,-1
85,8,240,549,50,144,0.5090,-1,-1,-1
85,9,293,562,51,133,0.5429,-1,-1,-1
86,3,1669,579,72,181,0.7777,-1,-1,-1
86,7,1708,529,39,96,0.3995,-1,-1,-1
86,8,230,551,53,143,0.4825,-1,-1,-1
86,9,285,561,51,134,0.5639,-1,-1,-1
87,3,1670,581,74,183,0.8192,-1,-1,-1
87,8,225,556,50,141,0.4771,-1,-1,-1
87,9,279,565,54,132,0.6644,-1,-1,-1
88,3,1672,582,75,184,0.8068,-1,-1,-1
88,8,220,558,49,142,0.5911,-1,-1,-1
88,9,273,569,52,130,0.6956,-1,-1,-1
89,3,1675,581,74,190,0.7806,-1,-1,-1
89,8,214,562,49,139,0.4525,-1,-1,-1
89,9,268,570,50,130,0.6581,-1,-1,-1
90,3,1679,583,73,193,0.7535,-1,-1,-1
90,8,205,563,51,142,0.5508,-1,-1,-1
90,9,261,571,53,133,0.5420,-1,-1,-1
91,3,1681,589,75,193,0.7543,-1,-1,-1
91,8,198,566,50,141,0.4690,-1,-1,-1
91,9,252,571,55,136,0.5322,-1,-1,-1
92,3,1685,595,74,193,0.7590,-1,-1,-1
92,8,190,565,54,146,0.5122,-1,-1,-1
92,9,247,569,56,142,0.5877,-1,-1,-1
93,3,1687,600,75,193,0.7715,-1,-1,-1
93,8,181,560,56,155,0.6941,-1,-1,-1
93,9,241,577,53,139,0.4958,-1,-1,-1
94,3,1690,604,73,191,0.7681,-1,-1,-1
94,8,176,564,56,154,0.6189,-1,-1,-1
94,9,234,577,54,142,0.5927,-1,-1,-1
94,10,395,566,44,121,0.5690,-1,-1,-1
95,3,1691,610,77,189,0.7667,-1,-1,-1
95,8,171,565,56,155,0.6144,-1,-1,-1
95,9,227,580,53,140,0.6093,-1,-1,-1
95,10,392,570,42,118,0.5184,-1,-1,-1
95,7,1695,545,39,87,0.6159,-1,-1,-1
96,3,1694,611,77,192,0.7868,-1,-1,-1
96,8,163,574,55,150,0.5303,-1,-1,-1
96,9,218,581,56,143,0.5469,-1,-1,-1
96,10,383,578,44,113,0.5823,-1,-1,-1
96,7,1693,547,40,89,0.6502,-1,-1,-1
97,3,1698,612,76,194,0.7785,-1,-1,-1
97,8,154,576,58,148,0.5372,-1,-1,-1
97,9,211,580,56,144,0.5775,-1,-1,-1
97,10,373,572,45,118,0.5725,-1,-1,-1
97,7,1691,549,41,91,0.6364,-1,-1,-1
98,3,1703,614,76,190,0.7940,-1,-1,-1
98,8,147,580,58,148,0.5728,-1,-1,-1
98,9,204,583,55,144,0.7264,-1,-1,-1
98,10,366,575,45,119,0.5140,-1,-1,-1
98,7,1690,550,41,94,0.6094,-1,-1,-1
99,3,1707,615,76,193,0.8059,-1,-1,-1
99,8,140,580,56,146,0.6316,-1,-1,-1
99,9,196,581,56,146,0.7101,-1,-1,-1
99,10,358,576,47,118,0.6378,-1,-1,-1
99,7,1689,549,40,99,0.6830,-1,-1,-1
100,3,1709,616,77,197,0.7918,-1,-1,-1
100,8,132,582,56,146,0.6827,-1,-1,-1
100,9,188,586,56,143,0.6774,-1,-1,-1
100,10,349,577,49,120,0.6733,-1,-1,-1
100,7,1688,547,39,103,0.7543,-1,-1,-1
101,3,1711,619,78,197,0.7544,-1,-1,-1
101,8,123,580,58,146,0.6701,-1,-1,-1
101,9,179,583,59,146,0.7070,-1,-1,-1
101,10,342,580,48,116,0.5560,-1,-1,-1
101,7,1687,549,37,104,0.7201,-1,-1,-1
102,3,1712,621,81,198,0.7726,-1,-1,-1
102,8,113,582,59,146,0.6942,-1,-1,-1
102,9,172,583,59,147,0.5963,-1,-1,-1
102,10,333,584,48,113,0.6460,-1,-1,-1
102,7,1685,550,37,102,0.6723,-1,-1,-1
103,3,1714,621,83,201,0.7982,-1,-1,-1
103,8,104,581,60,148,0.7047,-1,-1,-1
103,9,164,587,59,144,0.5837,-1,-1,-1
103,10,324,580,51,119,0.5652,-1,-1,-1
103,7,1684,549,36,103,0.7102,-1,-1,-1
103,12,255,592,38,91,0.6236,-1,-1,-1
104,3,1716,624,84,204,0.8154,-1,-1,-1
104,8,97,577,58,150,0.6095,-1,-1,-1
104,9,155,589,61,141,0.5080,-1,-1,-1
104,10,317,579,50,118,0.4986,-1,-1,-1
104,7,1682,551,35,103,0.7230,-1,-1,-1
104,12,250,594,36,90,0.4221,-1,-1,-1
105,3,1719,624,84,208,0.8029,-1,-1,-1
105,8,87,576,58,152,0.6120,-1,-1,-1
105,9,145,585,62,147,0.5011,-1,-1,-1
105,10,308,575,50,123,0.6023,-1,-1,-1
105,7,1680,551,34,103,0.7605,-1,-1,-1
105,12,240,591,36,94,0.5036,-1,-1,-1
106,3,1722,625,85,212,0.7960,-1,-1,-1
106,8,77,573,59,155,0.6399,-1,-1,-1
106,9,137,579,62,151,0.5817,-1,-1,-1
106,10,298,578,51,120,0.5144,-1,-1,-1
106,7,1677,552,35,103,0.7161,-1,-1,-1
106,12,230,590,35,93,0.4250,-1,-1,-1
107,3,1726,624,84,216,0.8196,-1,-1,-1
107,8,66,570,60,156,0.6216,-1,-1,-1
107,9,129,575,63,155,0.6008,-1,-1,-1
107,10,282,563,57,136,0.5692,-1,-1,-1
107,7,1675,551,35,103,0.3623,-1,-1,-1
107,12,220,590,37,99,0.4999,-1,-1,-1
108,3,1728,627,86,218,0.8438,-1,-1,-1
108,8,54,565,64,164,0.6227,-1,-1,-1
108,9,119,572,64,158,0.4782,-1,-1,-1
108,10,278,561,53,139,0.5775,-1,-1,-1
108,12,210,589,38,100,0.5982,-1,-1,-1
109,3,1729,628,88,221,0.8320,-1,-1,-1
109,8,43,566,66,164,0.6016,-1,-1,-1
109,9,111,577,62,155,0.5423,-1,-1,-1
109,10,267,565,56,140,0.4378,-1,-1,-1
109,12,202,588,35,103,0.4792,-1,-1,-1
110,3,1731,629,88,224,0.8162,-1,-1,-1
110,8,32,563,67,166,0.6599,-1,-1,-1
110,9,103,574,61,158,0.5537,-1,-1,-1
110,10,256,557,57,147,0.6122,-1,-1,-1
110,12,191,587,37,104,0.5218,-1,-1,-1
111,3,1732,631,89,224,0.8085,-1,-1,-1
111,8,22,565,67,168,0.5533,-1,-1,-1
111,9,93,572,60,161,0.6509,-1,-1,-1
111,10,249,562,56,143,0.6470,-1,-1,-1
111,12,181,588,37,108,0.5442,-1,-1,-1
112,3,1733,632,90,228,0.8202,-1,-1,-1
112,8,10,565,71,168,0.5766,-1,-1,-1
112,9,84,572,61,163,0.6905,-1,-1,-1
112,10,240,570,55,138,0.5458,-1,-1,-1
112,12,171,590,37,107,0.4725,-1,-1,-1
113,3,1734,635,91,228,0.8032,-1,-1,-1
113,8,0,561,70,173,0.5622,-1,-1,-1
113,9,74,578,61,159,0.6279,-1,-1,-1
113,10,231,579,53,132,0.6346,-1,-1,-1
113,12,160,593,37,108,0.6858,-1,-1,-1
114,3,1736,637,90,228,0.7657,-1,-1,-1
114,8,-1,570,62,164,0.5956,-1,-1,-1
114,9,63,575,61,162,0.6353,-1,-1,-1
114,10,221,583,53,128,0.6163,-1,-1,-1
114,12,151,596,33,106,0.4810,-1,-1,-1
115,3,1738,639,91,230,0.7840,-1,-1,-1
115,8,-1,578,54,157,0.6098,-1,-1,-1
115,9,53,570,62,170,0.7058,-1,-1,-1
115,10,210,585,54,128,0.5754,-1,-1,-1
115,12,140,597,36,106,0.6753,-1,-1,-1
116,3,1740,638,92,233,0.7971,-1,-1,-1
116,8,-3,583,49,155,0.6944,-1,-1,-1
116,9,43,577,59,166,0.6651,-1,-1,-1
116,10,201,587,53,129,0.6584,-1,-1,-1
116,12,130,599,35,105,0.5271,-1,-1,-1
116,13,267,574,47,144,0.5166,-1,-1,-1
117,3,1741,639,93,236,0.8020,-1,-1,-1
117,8,-2,585,40,155,0.6372,-1,-1,-1
117,9,32,572,61,172,0.6233,-1,-1,-1
117,10,191,588,52,131,0.5478,-1,-1,-1
117,12,120,599,35,107,0.6167,-1,-1,-1
117,13,258,569,44,149,0.6077,-1,-1,-1
118,3,1741,637,97,243,0.7820,-1,-1,-1
118,8,-2,586,30,158,0.4169,-1,-1,-1
118,9,22,570,59,176,0.5640,-1,-1,-1
118,10,181,590,52,132,0.6934,-1,-1,-1
118,12,109,599,35,108,0.5462,-1,-1,-1
118,13,248,567,43,156,0.5517,-1,-1,-1
119,3,1745,639,99,247,0.8299,-1,-1,-1
119,9,12,571,59,178,0.6882,-1,-1,-1
119,10,172,591,51,134,0.6049,-1,-1,-1
119,12,98,602,34,108,0.5533,-1,-1,-1
119,13,237,567,46,161,0.6340,-1,-1,-1
120,3,1747,642,101,248,0.8273,-1,-1,-1
120,9,3,565,59,185,0.6313,-1,-1,-1
120,10,160,590,53,137,0.6196,-1,-1,-1
120,12,87,602,35,107,0.4717,-1,-1,-1
120,13,227,572,44,159,0.6661,-1,-1,-1
121,3,1751,645,102,247,0.8247,-1,-1,-1
121,9,-2,553,55,198,0.6118,-1,-1,-1
121,10,148,591,54,139,0.6013,-1,-1,-1
121,12,77,604,33,106,0.4005,-1,-1,-1
121,13,217,572,43,160,0.6253,-1,-1,-1
122,3,1756,646,101,249,0.8072,-1,-1,-1
122,9,-3,557,48,196,0.6982,-1,-1,-1
122,10,140,592,52,141,0.5992,-1,-1,-1
122,12,65,604,36,99,0.4272,-1,-1,-1
122,13,206,574,46,161,0.6886,-1,-1,-1
123,3,1760,649,102,252,0.8007,-1,-1,-1
123,9,-3,564,40,192,0.6363,-1,-1,-1
123,10,129,594,53,143,0.4576,-1,-1,-1
123,12,54,606,35,111,0.3101,-1,-1,-1
123,13,193,580,49,158,0.5984,-1,-1,-1
124,3,1764,650,103,255,0.8416,-1,-1,-1
124,9,-2,585,29,172,0.5712,-1,-1,-1
124,10,118,602,52,136,0.3768,-1,-1,-1
124,12,41,608,37,111,0.4098,-1,-1,-1
124,13,182,584,51,156,0.6304,-1,-1,-1
125,3,1768,650,103,259,0.8552,-1,-1,-1
125,10,109,603,51,132,0.4273,-1,-1,-1
125,12,30,609,35,115,0.3019,-1,-1,-1
125,13,172,586,52,155,0.5835,-1,-1,-1
126,3,1774,651,101,263,0.8228,-1,-1,-1
126,10,98,610,51,129,0.6047,-1,-1,-1
126,13,157,590,57,152,0.5371,-1,-1,-1
127,3,1777,652,104,267,0.8098,-1,-1,-1
127,10,85,613,54,127,0.6050,-1,-1,-1
127,13,150,597,52,150,0.5758,-1,-1,-1
128,3,1782,653,106,269,0.8219,-1,-1,-1
128,10,73,613,55,133,0.5745,-1,-1,-1
128,13,139,599,54,147,0.4512,-1,-1,-1
129,3,1787,654,108,271,0.8294,-1,-1,-1
129,10,62,616,58,133,0.4550,-1,-1,-1
129,13,129,600,50,152,0.5820,-1,-1,-1
130,3,1790,658,111,271,0.8461,-1,-1,-1
130,10,51,619,56,134,0.3864,-1,-1,-1
130,13,118,601,51,154,0.3168,-1,-1,-1
131,3,1796,661,113,276,0.8913,-1,-1,-1
131,10,24,598,52,150,0.5492,-1,-1,-1
131,13,106,602,49,156,0.4697,-1,-1,-1
132,3,1799,663,117,283,0.8813,-1,-1,-1
132,10,5,590,51,158,0.4887,-1,-1,-1
132,13,94,605,49,156,0.4446,-1,-1,-1
133,3,1804,665,115,290,0.8469,-1,-1,-1
133,10,8,606,54,150,0.5639,-1,-1,-1
133,13,82,597,49,168,0.5553,-1,-1,-1
134,3,1807,666,113,298,0.8364,-1,-1,-1
134,10,0,613,59,152,0.6167,-1,-1,-1
134,13,58,582,58,186,0.4721,-1,-1,-1
135,3,1809,670,111,299,0.8094,-1,-1,-1
135,10,-3,615,52,154,0.7069,-1,-1,-1
135,13,33,576,73,194,0.5681,-1,-1,-1
136,3,1815,674,106,300,0.8226,-1,-1,-1
136,10,-4,623,42,149,0.5507,-1,-1,-1
136,13,23,573,70,200,0.6151,-1,-1,-1
137,3,1822,680,99,300,0.8513,-1,-1,-1
137,13,21,573,64,201,0.6834,-1,-1,-1
138,3,1828,683,93,298,0.7756,-1,-1,-1
138,13,10,578,61,199,0.7486,-1,-1,-1
139,3,1832,683,89,302,0.7457,-1,-1,-1
139,13,2,576,57,202,0.7042,-1,-1,-1
139,7,1568,552,37,112,0.5710,-1,-1,-1
140,3,1836,682,84,311,0.6934,-1,-1,-1
140,13,-2,574,50,210,0.6263,-1,-1,-1
140,7,1566,551,36,113,0.6572,-1,-1,-1
141,3,1845,685,75,306,0.6905,-1,-1,-1
141,13,-3,578,41,211,0.6261,-1,-1,-1
141,7,1563,550,38,113,0.7544,-1,-1,-1
142,3,1853,696,67,294,0.4537,-1,-1,-1
142,13,-3,577,32,214,0.3618,-1,-1,-1
142,7,1560,549,41,112,0.7807,-1,-1,-1
143,3,1858,702,62,292,0.3076,-1,-1,-1
143,7,1557,550,40,111,0.7551,-1,-1,-1
144,7,1552,552,40,111,0.7322,-1,-1,-1
145,7,1547,553,40,110,0.7302,-1,-1,-1
146,7,1545,552,39,112,0.7348,-1,-1,-1
146,14,1694,568,42,108,0.6722,-1,-1,-1
147,7,1540,554,40,113,0.7248,-1,-1,-1
147,14,1693,573,37,106,0.5951,-1,-1,-1
148,7,1532,555,46,113,0.7214,-1,-1,-1
148,14,1690,576,37,103,0.5187,-1,-1,-1
148,15,454,528,28,74,0.5858,-1,-1,-1
149,7,1522,557,52,111,0.7411,-1,-1,-1
149,14,1684,572,40,107,0.5343,-1,-1,-1
149,15,447,529,30,74,0.5420,-1,-1,-1
150,7,1516,558,57,110,0.7557,-1,-1,-1
150,14,1679,565,44,111,0.5514,-1,-1,-1
150,15,443,528,30,75,0.4952,-1,-1,-1
151,7,1510,559,60,110,0.7071,-1,-1,-1
151,14,1674,562,45,114,0.5947,-1,-1,-1
151,15,436,530,30,74,0.5449,-1,-1,-1
152,7,1507,558,54,110,0.6717,-1,-1,-1
152,14,1675,560,39,113,0.5888,-1,-1,-1
152,15,430,532,30,74,0.5641,-1,-1,-1
153,7,1502,554,53,112,0.7220,-1,-1,-1
153,14,1672,559,39,108,0.5836,-1,-1,-1
153,15,424,532,31,74,0.5488,-1,-1,-1
154,7,1498,553,50,113,0.7238,-1,-1,-1
154,14,1673,563,34,103,0.5172,-1,-1,-1
154,15,417,532,31,77,0.4289,-1,-1,-1
155,7,1492,550,49,116,0.7040,-1,-1,-1
155,14,1675,565,28,102,0.3797,-1,-1,-1
155,15,411,532,30,76,0.6329,-1,-1,-1
156,7,1488,549,45,118,0.7466,-1,-1,-1
156,15,405,533,29,76,0.5398,-1,-1,-1
157,7,1482,550,43,117,0.7836,-1,-1,-1
157,15,398,537,29,75,0.5133,-1,-1,-1
158,7,1477,550,41,116,0.7392,-1,-1,-1
158,15,393,537,29,77,0.4360,-1,-1,-1
159,7,1473,543,39,121,0.7147,-1,-1,-1
159,15,387,538,29,77,0.5650,-1,-1,-1
160,7,1467,544,40,119,0.7367,-1,-1,-1
160,15,381,540,29,76,0.5979,-1,-1,-1
161,7,1463,545,41,118,0.7508,-1,-1,-1
161,15,376,541,30,76,0.5743,-1,-1,-1
162,7,1457,548,43,114,0.7044,-1,-1,-1
162,15,372,541,29,77,0.4593,-1,-1,-1
163,7,1451,549,45,114,0.7209,-1,-1,-1
163,15,365,543,31,76,0.4339,-1,-1,-1
164,7,1447,549,46,113,0.6769,-1,-1,-1
164,15,360,541,32,78,0.5977,-1,-1,-1
165,7,1441,547,46,116,0.6775,-1,-1,-1
165,15,355,543,33,77,0.6676,-1,-1,-1
166,7,1436,543,46,119,0.7063,-1,-1,-1
166,15,350,545,31,76,0.4977,-1,-1,-1
167,7,1432,541,45,119,0.7026,-1,-1,-1
167,15,344,546,31,76,0.4809,-1,-1,-1
168,7,1428,537,45,122,0.6855,-1,-1,-1
168,15,338,544,34,77,0.5599,-1,-1,-1
169,7,1423,535,45,125,0.7297,-1,-1,-1
169,15,334,544,35,78,0.6174,-1,-1,-1
170,7,1418,533,44,127,0.6910,-1,-1,-1
170,15,329,543,34,79,0.6931,-1,-1,-1
171,7,1415,532,43,129,0.6747,-1,-1,-1
171,15,325,544,32,78,0.6397,-1,-1,-1
172,7,1411,533,44,127,0.7181,-1,-1,-1
172,15,321,544,31,77,0.5793,-1,-1,-1
173,7,1405,531,45,131,0.7304,-1,-1,-1
173,15,316,543,32,78,0.6128,-1,-1,-1
174,7,1400,531,47,131,0.7684,-1,-1,-1
174,15,311,542,33,79,0.6311,-1,-1,-1
175,7,1393,531,54,133,0.7156,-1,-1,-1
175,15,306,540,35,81,0.6377,-1,-1,-1
176,7,1387,534,56,130,0.7061,-1,-1,-1
176,15,303,542,33,79,0.6243,-1,-1,-1
177,7,1382,534,56,129,0.6996,-1,-1,-1
177,15,299,541,32,79,0.5684,-1,-1,-1
178,7,1381,534,55,130,0.7168,-1,-1,-1
178,15,293,541,33,81,0.5115,-1,-1,-1
179,7,1380,534,55,128,0.7053,-1,-1,-1
179,15,289,540,33,82,0.6145,-1,-1,-1
180,7,1379,534,52,129,0.7341,-1,-1,-1
180,15,284,542,35,82,0.6783,-1,-1,-1
181,7,1378,533,51,131,0.7299,-1,-1,-1
181,15,280,543,34,83,0.6524,-1,-1,-1
182,7,1376,534,49,131,0.7512,-1,-1,-1
182,15,277,544,32,82,0.6589,-1,-1,-1
183,7,1374,536,46,129,0.8080,-1,-1,-1
183,15,274,547,32,81,0.6220,-1,-1,-1
184,7,1372,535,43,130,0.7796,-1,-1,-1
184,15,268,547,33,82,0.5348,-1,-1,-1
185,7,1370,536,43,130,0.7303,-1,-1,-1
185,15,264,547,33,83,0.7070,-1,-1,-1
186,7,1368,536,43,128,0.7215,-1,-1,-1
186,15,259,547,35,85,0.6967,-1,-1,-1
187,7,1366,536,42,129,0.7056,-1,-1,-1
187,15,254,550,36,84,0.6527,-1,-1,-1
188,7,1362,536,45,131,0.6830,-1,-1,-1
188,15,251,551,35,83,0.4800,-1,-1,-1
189,7,1359,538,47,130,0.7266,-1,-1,-1
189,15,247,552,33,85,0.4246,-1,-1,-1
190,7,1358,540,46,128,0.7193,-1,-1,-1
190,15,242,552,35,85,0.5201,-1,-1,-1
191,7,1356,542,47,126,0.7251,-1,-1,-1
191,15,238,555,35,85,0.6138,-1,-1,-1
191,16,1607,551,51,124,0.5680,-1,-1,-1
192,7,1355,544,45,124,0.7387,-1,-1,-1
192,15,234,556,36,84,0.6212,-1,-1,-1
192,16,1611,551,46,123,0.6220,-1,-1,-1
193,7,1353,544,45,127,0.6894,-1,-1,-1
193,15,229,557,37,86,0.5903,-1,-1,-1
193,16,1614,557,43,119,0.6324,-1,-1,-1
194,7,1351,543,45,128,0.6643,-1,-1,-1
194,15,227,560,35,84,0.5377,-1,-1,-1
194,16,1616,562,42,114,0.6261,-1,-1,-1
195,7,1349,541,44,129,0.7074,-1,-1,-1
195,15,223,560,34,83,0.5287,-1,-1,-1
195,16,1617,563,42,113,0.6276,-1,-1,-1
196,7,1347,541,45,128,0.7239,-1,-1,-1
196,15,218,561,35,84,0.5672,-1,-1,-1
196,16,1620,565,41,112,0.6299,-1,-1,-1
197,7,1347,540,44,129,0.7243,-1,-1,-1
197,15,214,562,35,84,0.6529,-1,-1,-1
197,16,1622,564,40,113,0.6364,-1,-1,-1
198,7,1346,540,42,128,0.7006,-1,-1,-1
198,15,211,562,34,87,0.6644,-1,-1,-1
198,16,1623,564,40,112,0.6722,-1,-1,-1
199,7,1345,540,42,128,0.7231,-1,-1,-1
199,15,208,562,35,87,0.6136,-1,-1,-1
199,16,1624,562,40,113,0.6662,-1,-1,-1
200,7,1344,540,41,128,0.6866,-1,-1,-1
200,15,204,563,36,88,0.5049,-1,-1,-1
200,16,1624,557,41,117,0.5636,-1,-1,-1
201,7,1342,540,42,127,0.7225,-1,-1,-1
201,15,200,563,34,89,0.4805,-1,-1,-1
201,16,1625,556,43,120,0.5967,-1,-1,-1
202,7,1339,541,45,127,0.7236,-1,-1,-1
202,15,195,565,35,90,0.5321,-1,-1,-1
202,16,1626,553,45,123,0.5576,-1,-1,-1
203,7,1337,545,45,124,0.7572,-1,-1,-1
203,15,191,566,35,90,0.5370,-1,-1,-1
203,16,1630,553,42,123,0.5943,-1,-1,-1
204,7,1336,547,45,122,0.7699,-1,-1,-1
204,15,187,568,34,90,0.5900,-1,-1,-1
204,16,1636,553,38,123,0.6166,-1,-1,-1
205,7,1335,546,46,123,0.7732,-1,-1,-1
205,15,183,569,35,90,0.6509,-1,-1,-1
205,16,1638,553,39,122,0.6829,-1,-1,-1
206,7,1334,546,47,124,0.7970,-1,-1,-1
206,15,179,569,37,90,0.5452,-1,-1,-1
206,16,1640,553,40,123,0.6804,-1,-1,-1
207,7,1334,546,46,128,0.8154,-1,-1,-1
207,15,176,570,36,90,0.4612,-1,-1,-1
207,16,1643,555,40,122,0.6742,-1,-1,-1
208,7,1333,547,46,128,0.8274,-1,-1,-1
208,15,171,572,36,89,0.5635,-1,-1,-1
208,16,1645,559,40,121,0.6659,-1,-1,-1
209,7,1332,544,46,131,0.8338,-1,-1,-1
209,15,166,572,39,88,0.5097,-1,-1,-1
209,16,1646,556,43,127,0.7390,-1,-1,-1
210,7,1331,543,47,132,0.8375,-1,-1,-1
210,15,163,572,38,91,0.5964,-1,-1,-1
210,16,1640,558,53,127,0.7260,-1,-1,-1
211,7,1330,544,47,134,0.8541,-1,-1,-1
211,15,159,573,40,94,0.6287,-1,-1,-1
211,16,1646,564,52,122,0.6573,-1,-1,-1
212,7,1330,545,46,132,0.8455,-1,-1,-1
212,15,156,573,40,94,0.5498,-1,-1,-1
212,16,1653,567,48,117,0.5749,-1,-1,-1
213,7,1330,546,47,132,0.8563,-1,-1,-1
213,15,154,574,40,93,0.5084,-1,-1,-1
213,16,1660,570,46,116,0.5344,-1,-1,-1
214,7,1330,545,48,134,0.8362,-1,-1,-1
214,15,151,576,40,92,0.4940,-1,-1,-1
214,16,1663,563,50,123,0.5890,-1,-1,-1
215,7,1330,546,49,135,0.8173,-1,-1,-1
215,15,148,574,43,93,0.5054,-1,-1,-1
215,16,1670,563,48,126,0.7023,-1,-1,-1
216,7,1331,548,50,136,0.8245,-1,-1,-1
216,15,145,576,41,92,0.4755,-1,-1,-1
216,16,1674,563,49,128,0.6535,-1,-1,-1
217,7,1332,549,50,137,0.8257,-1,-1,-1
217,15,142,575,42,92,0.5117,-1,-1,-1
217,16,1671,562,58,128,0.6088,-1,-1,-1
218,7,1333,549,50,137,0.8135,-1,-1,-1
218,15,139,575,43,92,0.5670,-1,-1,-1
218,16,1671,561,65,128,0.6424,-1,-1,-1
219,7,1336,550,49,138,0.8024,-1,-1,-1
219,15,138,574,43,94,0.6327,-1,-1,-1
219,16,1679,558,64,132,0.6432,-1,-1,-1
220,7,1338,548,49,139,0.7935,-1,-1,-1
220,15,136,577,41,93,0.6443,-1,-1,-1
220,16,1688,560,60,131,0.7055,-1,-1,-1
221,7,1340,548,49,138,0.7915,-1,-1,-1
221,15,134,577,39,94,0.6113,-1,-1,-1
221,16,1694,565,60,126,0.6206,-1,-1,-1
222,7,1343,545,47,139,0.7973,-1,-1,-1
222,15,131,577,40,94,0.5962,-1,-1,-1
222,16,1697,562,62,126,0.5752,-1,-1,-1
223,7,1346,546,46,137,0.7783,-1,-1,-1
223,15,130,578,40,93,0.5551,-1,-1,-1
223,16,1712,564,53,126,0.6357,-1,-1,-1
224,7,1347,544,48,139,0.7886,-1,-1,-1
224,15,128,580,41,93,0.5568,-1,-1,-1
224,16,1723,561,51,127,0.6397,-1,-1,-1
225,7,1350,545,48,138,0.8347,-1,-1,-1
225,15,125,580,41,95,0.5632,-1,-1,-1
225,16,1730,561,50,126,0.6059,-1,-1,-1
226,7,1352,547,48,137,0.8435,-1,-1,-1
226,15,123,582,43,97,0.4794,-1,-1,-1
226,16,1738,560,49,125,0.6628,-1,-1,-1
227,7,1354,548,49,138,0.8520,-1,-1,-1
227,15,120,583,42,97,0.4257,-1,-1,-1
227,16,1741,560,54,127,0.6378,-1,-1,-1
228,7,1356,549,48,140,0.8439,-1,-1,-1
228,15,117,584,41,99,0.5131,-1,-1,-1
228,16,1745,559,56,126,0.4414,-1,-1,-1
229,7,1358,549,48,141,0.7995,-1,-1,-1
229,15,115,583,43,102,0.5629,-1,-1,-1
229,16,1756,560,53,127,0.6036,-1,-1,-1
230,7,1361,548,48,140,0.7630,-1,-1,-1
230,15,114,586,41,100,0.5187,-1,-1,-1
230,16,1762,557,56,128,0.6293,-1,-1,-1
231,7,1363,553,48,135,0.6942,-1,-1,-1
231,15,113,586,40,100,0.5976,-1,-1,-1
231,16,1774,557,54,130,0.5638,-1,-1,-1
232,7,1365,555,49,133,0.6904,-1,-1,-1
232,15,113,586,40,98,0.5322,-1,-1,-1
232,16,1779,557,58,129,0.5782,-1,-1,-1
233,7,1368,554,50,136,0.7017,-1,-1,-1
233,15,112,586,39,98,0.5594,-1,-1,-1
233,16,1787,558,60,128,0.6266,-1,-1,-1
234,7,1371,552,51,139,0.7359,-1,-1,-1
234,15,109,587,39,98,0.5562,-1,-1,-1
234,16,1801,560,52,128,0.5230,-1,-1,-1
235,7,1374,551,51,139,0.7568,-1,-1,-1
235,15,107,585,41,99,0.4764,-1,-1,-1
235,16,1814,561,51,126,0.5547,-1,-1,-1
236,7,1377,551,52,139,0.7734,-1,-1,-1
236,15,106,586,41,98,0.4957,-1,-1,-1
236,16,1828,559,45,126,0.5088,-1,-1,-1
237,7,1379,550,52,140,0.7652,-1,-1,-1
237,15,105,584,43,100,0.5256,-1,-1,-1
237,16,1835,552,54,133,0.6057,-1,-1,-1
238,7,1383,549,51,142,0.7535,-1,-1,-1
238,15,104,583,44,102,0.5396,-1,-1,-1
238,16,1845,547,54,137,0.5223,-1,-1,-1
239,7,1387,549,49,141,0.7743,-1,-1,-1
239,15,104,582,45,102,0.5000,-1,-1,-1
239,16,1857,543,57,139,0.4820,-1,-1,-1
240,7,1390,548,50,142,0.7742,-1,-1,-1
240,15,104,582,44,102,0.4949,-1,-1,-1
240,16,1866,542,51,136,0.6038,-1,-1,-1
241,7,1396,549,48,142,0.7109,-1,-1,-1
241,15,104,582,44,102,0.5188,-1,-1,-1
241,16,1880,540,42,144,0.5271,-1,-1,-1
242,7,1400,548,49,142,0.7771,-1,-1,-1
242,15,105,583,43,102,0.5572,-1,-1,-1
243,7,1405,548,48,143,0.8207,-1,-1,-1
243,15,105,584,44,101,0.5792,-1,-1,-1
244,7,1409,549,50,143,0.8177,-1,-1,-1
244,15,105,583,45,102,0.6097,-1,-1,-1
245,7,1416,552,48,143,0.8215,-1,-1,-1
245,15,105,583,45,102,0.6405,-1,-1,-1
246,7,1422,553,47,143,0.8254,-1,-1,-1
246,15,105,583,45,102,0.6014,-1,-1,-1
247,7,1427,551,48,145,0.8064,-1,-1,-1
247,15,105,583,45,104,0.6553,-1,-1,-1
248,7,1432,554,48,143,0.7984,-1,-1,-1
248,15,105,583,45,104,0.6658,-1,-1,-1
249,7,1440,552,46,147,0.8104,-1,-1,-1
249,15,105,585,45,104,0.5390,-1,-1,-1
250,7,1447,550,45,148,0.8237,-1,-1,-1
250,15,105,587,45,102,0.6221,-1,-1,-1
251,7,1454,549,44,148,0.8166,-1,-1,-1
251,15,107,588,45,103,0.5532,-1,-1,-1
252,7,1460,544,45,152,0.8084,-1,-1,-1
252,15,111,589,45,103,0.4965,-1,-1,-1
253,7,1468,544,44,152,0.7825,-1,-1,-1
253,15,115,589,43,106,0.6868,-1,-1,-1
254,7,1474,542,47,153,0.7881,-1,-1,-1
254,15,118,589,42,107,0.6684,-1,-1,-1
255,7,1481,534,47,160,0.7651,-1,-1,-1
255,15,119,592,43,107,0.5475,-1,-1,-1
256,7,1489,535,45,158,0.7983,-1,-1,-1
256,15,124,593,44,108,0.3744,-1,-1,-1
257,7,1498,537,45,155,0.7600,-1,-1,-1
257,15,127,593,44,110,0.3288,-1,-1,-1
258,7,1505,545,46,147,0.6985,-1,-1,-1
258,15,132,593,39,112,0.4318,-1,-1,-1
259,7,1510,544,51,149,0.5892,-1,-1,-1
259,15,132,593,39,114,0.5623,-1,-1,-1
260,7,1509,548,65,150,0.6804,-1,-1,-1
260,15,132,597,39,110,0.4570,-1,-1,-1
261,7,1515,548,71,150,0.4610,-1,-1,-1
261,15,135,600,42,107,0.4753,-1,-1,-1
262,7,1520,572,77,127,0.4179,-1,-1,-1
262,15,138,600,44,107,0.4949,-1,-1,-1
263,15,138,600,45,108,0.4994,-1,-1,-1
264,15,140,600,47,109,0.3008,-1,-1,-1
265,15,142,599,51,111,0.3162,-1,-1,-1
266,15,145,600,47,110,0.4600,-1,-1,-1
270,15,157,594,43,115,0.6047,-1,-1,-1
271,15,158,592,46,115,0.5250,-1,-1,-1
272,15,161,593,45,113,0.4673,-1,-1,-1
273,15,164,594,46,113,0.4641,-1,-1,-1
274,15,167,593,47,113,0.4024,-1,-1,-1
275,17,1644,591,72,214,0.6633,-1,-1,-1
275,18,17,601,47,104,0.6370,-1,-1,-1
276,17,1654,589,77,223,0.8062,-1,-1,-1
276,18,20,603,47,102,0.6805,-1,-1,-1
276,15,172,591,47,116,0.6066,-1,-1,-1
277,17,1671,588,77,228,0.6497,-1,-1,-1
277,18,21,601,46,105,0.6767,-1,-1,-1
277,15,176,591,46,116,0.5905,-1,-1,-1
278,17,1682,596,81,224,0.5706,-1,-1,-1
278,18,22,601,44,106,0.6332,-1,-1,-1
278,15,177,593,46,115,0.5769,-1,-1,-1
279,17,1698,599,85,225,0.6358,-1,-1,-1
279,18,24,600,43,108,0.6675,-1,-1,-1
279,15,180,593,45,116,0.5726,-1,-1,-1
280,17,1717,596,86,237,0.5794,-1,-1,-1
280,18,24,603,44,109,0.6674,-1,-1,-1
280,15,182,597,39,113,0.4665,-1,-1,-1
281,17,1741,605,85,236,0.6650,-1,-1,-1
281,18,25,604,46,111,0.6618,-1,-1,-1
281,15,185,597,44,114,0.4547,-1,-1,-1
282,17,1750,609,99,237,0.5585,-1,-1,-1
282,18,27,605,47,110,0.6351,-1,-1,-1
282,15,187,598,44,115,0.4510,-1,-1,-1
283,17,1776,609,97,240,0.6140,-1,-1,-1
283,18,30,608,48,108,0.5703,-1,-1,-1
283,15,190,599,45,116,0.4181,-1,-1,-1
284,17,1798,609,95,244,0.8262,-1,-1,-1
284,18,32,611,49,109,0.5219,-1,-1,-1
284,15,192,601,43,116,0.4053,-1,-1,-1
284,19,1751,548,60,190,0.7382,-1,-1,-1
285,17,1819,611,97,246,0.8490,-1,-1,-1
285,18,34,611,50,111,0.5081,-1,-1,-1
285,15,195,601,46,117,0.4555,-1,-1,-1
285,19,1763,548,60,186,0.7092,-1,-1,-1
286,17,1842,610,83,252,0.8207,-1,-1,-1
286,18,36,611,49,113,0.5856,-1,-1,-1
286,15,197,602,49,119,0.4725,-1,-1,-1
286,19,1781,548,65,190,0.7230,-1,-1,-1
287,17,1866,614,60,251,0.7613,-1,-1,-1
287,18,40,614,46,111,0.4155,-1,-1,-1
287,15,199,606,50,118,0.5348,-1,-1,-1
287,19,1792,549,71,193,0.7609,-1,-1,-1
288,18,42,616,45,110,0.4305,-1,-1,-1
288,15,199,606,48,120,0.6064,-1,-1,-1
288,19,1806,546,73,196,0.7547,-1,-1,-1
289,18,42,619,46,109,0.4761,-1,-1,-1
289,15,201,607,48,120,0.6170,-1,-1,-1
289,19,1817,545,79,197,0.7806,-1,-1,-1
290,18,43,618,46,110,0.4813,-1,-1,-1
290,15,204,604,47,121,0.6193,-1,-1,-1
290,19,1831,543,79,200,0.7657,-1,-1,-1
291,18,43,618,48,113,0.4943,-1,-1,-1
291,15,208,607,44,121,0.4702,-1,-1,-1
291,19,1846,544,75,200,0.7487,-1,-1,-1
292,18,43,617,50,117,0.5300,-1,-1,-1
292,15,209,608,43,123,0.5927,-1,-1,-1
292,19,1860,540,64,205,0.7768,-1,-1,-1
293,18,44,619,51,117,0.5838,-1,-1,-1
293,15,210,610,42,124,0.5480,-1,-1,-1
293,19,1873,539,51,206,0.7643,-1,-1,-1
294,18,44,620,51,117,0.5730,-1,-1,-1
294,15,210,611,41,123,0.5330,-1,-1,-1
294,19,1885,540,38,210,0.3764,-1,-1,-1
295,18,44,622,53,117,0.5608,-1,-1,-1
295,15,211,613,37,120,0.4766,-1,-1,-1
296,18,45,624,54,116,0.5984,-1,-1,-1
296,15,224,614,38,121,0.5026,-1,-1,-1
297,18,47,625,54,116,0.5617,-1,-1,-1
297,15,228,615,39,121,0.4951,-1,-1,-1
298,18,46,624,55,117,0.6112,-1,-1,-1
298,15,228,614,42,121,0.5399,-1,-1,-1
299,18,47,624,57,118,0.5978,-1,-1,-1
299,15,229,615,44,121,0.5475,-1,-1,-1
300,18,47,623,57,120,0.6230,-1,-1,-1
300,15,227,616,48,122,0.5499,-1,-1,-1
301,18,48,624,56,121,0.5827,-1,-1,-1
301,15,225,616,51,124,0.5690,-1,-1,-1
302,18,48,624,56,121,0.5807,-1,-1,-1
302,15,223,616,52,125,0.5601,-1,-1,-1
303,18,46,628,46,122,0.5408,-1,-1,-1
303,15,224,619,48,127,0.6116,-1,-1,-1
304,18,54,629,48,122,0.5104,-1,-1,-1
304,15,226,621,48,127,0.6438,-1,-1,-1
305,18,47,632,48,123,0.5640,-1,-1,-1
305,15,224,625,48,128,0.6483,-1,-1,-1
306,18,46,633,45,123,0.5713,-1,-1,-1
306,15,224,626,47,128,0.6279,-1,-1,-1
307,18,44,634,44,123,0.5068,-1,-1,-1
307,15,224,625,47,131,0.6331,-1,-1,-1
308,18,42,638,47,123,0.5686,-1,-1,-1
308,15,223,629,42,130,0.5590,-1,-1,-1
309,18,43,639,52,124,0.5836,-1,-1,-1
309,15,225,629,42,130,0.5636,-1,-1,-1
310,18,48,641,50,123,0.5581,-1,-1,-1
310,15,224,630,41,132,0.5716,-1,-1,-1
311,18,52,644,47,123,0.5185,-1,-1,-1
311,15,224,632,41,131,0.4996,-1,-1,-1
312,18,55,644,44,122,0.5184,-1,-1,-1
312,15,223,631,41,133,0.5281,-1,-1,-1
313,18,45,644,54,128,0.5569,-1,-1,-1
313,15,224,636,48,131,0.5615,-1,-1,-1
314,18,39,646,57,128,0.5165,-1,-1,-1
314,15,224,638,49,131,0.5922,-1,-1,-1
315,18,41,646,54,129,0.5163,-1,-1,-1
315,15,224,638,51,133,0.6079,-1,-1,-1
316,18,42,646,52,130,0.5117,-1,-1,-1
316,15,223,637,49,136,0.4752,-1,-1,-1
317,18,35,646,56,132,0.5305,-1,-1,-1
317,15,222,639,49,135,0.4765,-1,-1,-1
318,18,33,648,57,131,0.5417,-1,-1,-1
318,15,220,640,44,135,0.5023,-1,-1,-1
319,18,30,650,58,131,0.5172,-1,-1,-1
319,15,219,641,43,136,0.5013,-1,-1,-1
320,18,28,649,59,133,0.5721,-1,-1,-1
320,15,219,640,46,140,0.5542,-1,-1,-1
321,18,24,648,49,135,0.5459,-1,-1,-1
321,15,219,640,49,141,0.5165,-1,-1,-1
322,18,21,648,46,136,0.5720,-1,-1,-1
322,15,218,639,52,142,0.5865,-1,-1,-1
322,21,1528,583,61,143,0.6725,-1,-1,-1
323,18,19,649,45,135,0.5869,-1,-1,-1
323,15,216,639,56,143,0.5458,-1,-1,-1
323,21,1535,583,59,143,0.6450,-1,-1,-1
324,18,16,646,53,138,0.6030,-1,-1,-1
324,15,215,638,57,142,0.4918,-1,-1,-1
324,21,1538,581,62,148,0.6970,-1,-1,-1
325,18,15,647,56,137,0.5910,-1,-1,-1
325,15,216,638,58,143,0.5064,-1,-1,-1
325,21,1545,583,57,149,0.7130,-1,-1,-1
326,18,11,648,57,136,0.5813,-1,-1,-1
326,15,216,637,58,145,0.4935,-1,-1,-1
326,21,1548,584,58,150,0.6829,-1,-1,-1
327,18,9,647,57,138,0.6183,-1,-1,-1
327,15,215,636,58,146,0.4939,-1,-1,-1
327,21,1552,586,57,149,0.6605,-1,-1,-1
328,18,12,652,52,136,0.6785,-1,-1,-1
328,15,217,637,55,146,0.5392,-1,-1,-1
328,21,1556,584,56,151,0.6202,-1,-1,-1
329,18,12,649,50,137,0.5649,-1,-1,-1
329,15,220,634,51,146,0.4772,-1,-1,-1
329,21,1559,581,59,154,0.5993,-1,-1,-1
330,18,5,648,51,135,0.6321,-1,-1,-1
330,15,226,635,46,141,0.3511,-1,-1,-1
330,21,1561,582,62,156,0.5458,-1,-1,-1
330,22,1421,593,69,160,0.5588,-1,-1,-1
331,18,1,647,52,135,0.6402,-1,-1,-1
331,15,204,634,52,146,0.5072,-1,-1,-1
331,21,1566,582,61,157,0.6028,-1,-1,-1
331,22,1426,598,64,156,0.5992,-1,-1,-1
332,18,0,645,49,135,0.5365,-1,-1,-1
332,15,194,630,61,151,0.4661,-1,-1,-1
332,21,1568,584,62,153,0.4473,-1,-1,-1
332,22,1429,597,61,156,0.6465,-1,-1,-1
333,18,-1,645,45,137,0.5844,-1,-1,-1
333,15,192,630,61,151,0.5307,-1,-1,-1
333,21,1573,581,61,154,0.7315,-1,-1,-1
333,22,1431,610,65,144,0.5489,-1,-1,-1
334,18,-1,644,40,137,0.5982,-1,-1,-1
334,15,192,628,61,151,0.4012,-1,-1,-1
334,21,1572,570,66,166,0.6540,-1,-1,-1
334,22,1423,594,74,160,0.5485,-1,-1,-1
335,18,-1,645,34,136,0.4907,-1,-1,-1
335,15,203,622,53,156,0.4899,-1,-1,-1
335,21,1569,551,73,187,0.3063,-1,-1,-1
335,22,1419,593,80,162,0.3041,-1,-1,-1
336,18,0,645,29,136,0.5902,-1,-1,-1
336,15,208,621,47,157,0.4932,-1,-1,-1
336,21,1582,568,64,172,0.3873,-1,-1,-1
336,22,1414,586,89,168,0.5811,-1,-1,-1
337,18,0,648,22,135,0.4011,-1,-1,-1
337,15,194,626,54,155,0.4198,-1,-1,-1
337,21,1588,570,59,176,0.3960,-1,-1,-1
337,22,1419,581,88,179,0.7481,-1,-1,-1
337,23,1836,519,50,134,0.5983,-1,-1,-1
338,15,181,632,57,154,0.5228,-1,-1,-1
338,21,1585,572,61,180,0.4282,-1,-1,-1
338,22,1424,583,87,179,0.7172,-1,-1,-1
338,23,1840,517,51,132,0.5724,-1,-1,-1
339,21,1585,578,63,180,0.5116,-1,-1,-1
339,22,1426,587,86,179,0.7364,-1,-1,-1
339,23,1843,521,53,129,0.5755,-1,-1,-1
340,21,1574,568,74,195,0.4898,-1,-1,-1
340,22,1426,589,92,178,0.6890,-1,-1,-1
340,23,1850,520,51,130,0.6263,-1,-1,-1
341,21,1592,552,57,212,0.4780,-1,-1,-1
341,22,1424,598,97,176,0.7152,-1,-1,-1
341,23,1856,522,50,134,0.6148,-1,-1,-1
342,21,1600,544,53,221,0.4639,-1,-1,-1
342,22,1423,602,96,176,0.6247,-1,-1,-1
342,23,1863,524,49,134,0.6398,-1,-1,-1
342,15,185,641,49,156,0.5195,-1,-1,-1
343,21,1580,560,78,215,0.3856,-1,-1,-1
343,22,1433,608,83,176,0.7524,-1,-1,-1
343,23,1867,527,49,135,0.5653,-1,-1,-1
343,15,186,645,44,153,0.4149,-1,-1,-1
344,21,1575,571,87,210,0.3575,-1,-1,-1
344,22,1439,610,73,178,0.7044,-1,-1,-1
344,23,1871,533,48,134,0.4077,-1,-1,-1
345,22,1444,617,67,181,0.6774,-1,-1,-1
345,23,1873,538,47,132,0.4464,-1,-1,-1
346,22,1446,624,65,180,0.6124,-1,-1,-1
346,23,1879,540,41,134,0.3609,-1,-1,-1
346,21,1575,595,96,201,0.5331,-1,-1,-1
347,22,1446,628,65,183,0.6509,-1,-1,-1
347,21,1576,606,95,195,0.6079,-1,-1,-1
348,22,1443,632,68,182,0.6762,-1,-1,-1
348,21,1578,613,75,182,0.5744,-1,-1,-1
349,22,1439,634,75,188,0.7815,-1,-1,-1
349,21,1579,613,89,196,0.6294,-1,-1,-1
349,15,156,672,47,152,0.5156,-1,-1,-1
350,22,1437,637,79,191,0.6970,-1,-1,-1
350,21,1582,617,78,188,0.5866,-1,-1,-1
350,15,152,674,45,143,0.5107,-1,-1,-1
351,22,1435,638,85,194,0.7462,-1,-1,-1
351,21,1583,614,76,193,0.5742,-1,-1,-1
351,15,146,674,48,147,0.5355,-1,-1,-1
352,22,1430,643,96,196,0.7724,-1,-1,-1
352,21,1584,618,76,192,0.6537,-1,-1,-1
352,15,140,675,50,152,0.5177,-1,-1,-1
353,22,1427,649,102,193,0.7611,-1,-1,-1
353,21,1583,618,73,191,0.6819,-1,-1,-1
353,15,135,674,49,153,0.5130,-1,-1,-1
354,22,1431,654,99,195,0.7576,-1,-1,-1
354,21,1582,624,74,190,0.7106,-1,-1,-1
354,15,129,673,54,156,0.4982,-1,-1,-1
354,24,1349,585,63,202,0.5359,-1,-1,-1
355,22,1442,657,88,195,0.7216,-1,-1,-1
355,21,1582,628,75,194,0.7851,-1,-1,-1
355,15,125,672,51,159,0.5187,-1,-1,-1
355,24,1350,592,57,189,0.6040,-1,-1,-1
356,22,1448,655,85,202,0.6831,-1,-1,-1
356,21,1579,629,82,198,0.7660,-1,-1,-1
356,15,118,672,54,160,0.5516,-1,-1,-1
356,24,1348,585,59,198,0.5247,-1,-1,-1
357,22,1452,659,83,203,0.6503,-1,-1,-1
357,21,1576,638,88,196,0.7089,-1,-1,-1
357,15,112,672,49,166,0.5449,-1,-1,-1
357,24,1352,593,55,201,0.5012,-1,-1,-1
358,22,1453,662,84,203,0.6892,-1,-1,-1
358,21,1576,646,91,191,0.7559,-1,-1,-1
358,15,106,676,48,163,0.4969,-1,-1,-1
358,24,1376,606,64,201,0.5983,-1,-1,-1
359,22,1453,664,81,207,0.5227,-1,-1,-1
359,21,1574,646,94,199,0.7846,-1,-1,-1
359,15,98,678,49,166,0.4892,-1,-1,-1
359,24,1382,612,74,202,0.6135,-1,-1,-1
360,22,1454,671,81,205,0.6237,-1,-1,-1
360,21,1574,652,96,199,0.7195,-1,-1,-1
360,15,92,681,48,167,0.5763,-1,-1,-1
360,24,1383,614,71,203,0.4936,-1,-1,-1
361,22,1454,675,76,209,0.6760,-1,-1,-1
361,21,1576,654,95,201,0.6562,-1,-1,-1
361,15,84,680,50,168,0.5828,-1,-1,-1
361,24,1379,620,74,201,0.5756,-1,-1,-1
362,22,1453,683,77,208,0.7071,-1,-1,-1
362,21,1581,663,89,196,0.6627,-1,-1,-1
362,15,80,682,47,168,0.4782,-1,-1,-1
362,24,1375,624,80,203,0.5243,-1,-1,-1
363,22,1453,685,78,210,0.7433,-1,-1,-1
363,21,1582,667,84,195,0.6153,-1,-1,-1
363,15,70,688,50,174,0.4278,-1,-1,-1
363,24,1375,620,85,213,0.6091,-1,-1,-1
364,22,1452,692,81,213,0.6193,-1,-1,-1
364,21,1583,666,76,203,0.5656,-1,-1,-1
364,15,64,689,48,169,0.5237,-1,-1,-1
364,24,1375,626,74,210,0.6393,-1,-1,-1
365,22,1449,694,92,218,0.7824,-1,-1,-1
365,21,1584,670,70,206,0.6099,-1,-1,-1
365,15,58,692,48,173,0.4609,-1,-1,-1
365,24,1372,632,80,213,0.5716,-1,-1,-1
366,22,1447,695,97,223,0.7627,-1,-1,-1
366,21,1581,666,75,216,0.6438,-1,-1,-1
366,15,50,695,50,172,0.5540,-1,-1,-1
366,24,1370,636,82,213,0.6180,-1,-1,-1
367,22,1449,700,99,225,0.7970,-1,-1,-1
367,21,1579,666,80,224,0.7203,-1,-1,-1
367,15,43,701,50,175,0.7006,-1,-1,-1
367,24,1373,640,71,214,0.5780,-1,-1,-1
368,22,1450,702,99,232,0.7942,-1,-1,-1
368,21,1577,669,83,228,0.7230,-1,-1,-1
368,15,37,705,49,174,0.5088,-1,-1,-1
368,24,1372,643,69,214,0.6891,-1,-1,-1
368,26,1330,643,55,169,0.6171,-1,-1,-1
369,22,1454,702,96,235,0.7893,-1,-1,-1
369,21,1574,670,89,230,0.7097,-1,-1,-1
369,15,28,708,51,176,0.5601,-1,-1,-1
369,24,1371,641,68,220,0.6313,-1,-1,-1
369,26,1327,643,56,168,0.6507,-1,-1,-1
370,22,1456,707,97,236,0.8047,-1,-1,-1
370,21,1565,668,102,238,0.8051,-1,-1,-1
370,15,19,713,52,180,0.6039,-1,-1,-1
370,24,1366,642,72,225,0.5785,-1,-1,-1
370,26,1326,645,52,165,0.6295,-1,-1,-1
371,22,1456,711,99,236,0.8125,-1,-1,-1
371,21,1557,667,112,242,0.8377,-1,-1,-1
371,15,10,715,56,181,0.7105,-1,-1,-1
371,24,1363,643,75,226,0.5830,-1,-1,-1
371,26,1324,645,51,183,0.5582,-1,-1,-1
372,22,1456,715,99,237,0.7904,-1,-1,-1
372,21,1554,668,116,243,0.8257,-1,-1,-1
372,15,1,717,56,183,0.7112,-1,-1,-1
372,24,1360,648,79,224,0.6316,-1,-1,-1
372,26,1318,649,54,173,0.4963,-1,-1,-1
373,22,1456,718,101,237,0.7691,-1,-1,-1
373,21,1552,671,121,244,0.8196,-1,-1,-1
373,15,-2,724,50,180,0.6975,-1,-1,-1
373,24,1356,652,77,224,0.6189,-1,-1,-1
373,26,1315,652,56,167,0.3513,-1,-1,-1
374,22,1455,720,99,240,0.7494,-1,-1,-1
374,21,1554,677,120,242,0.8008,-1,-1,-1
374,15,-3,727,44,180,0.7061,-1,-1,-1
374,24,1353,655,74,221,0.5854,-1,-1,-1
375,22,1456,722,91,242,0.7318,-1,-1,-1
375,21,1556,679,114,240,0.7284,-1,-1,-1
375,15,-3,729,38,184,0.6238,-1,-1,-1
375,24,1350,653,81,222,0.6097,-1,-1,-1
376,22,1456,725,86,242,0.7078,-1,-1,-1
376,21,1555,681,110,239,0.6657,-1,-1,-1
376,15,-2,730,27,182,0.5513,-1,-1,-1
376,24,1348,650,80,225,0.6439,-1,-1,-1
377,22,1456,725,84,247,0.7515,-1,-1,-1
377,21,1553,679,106,241,0.6645,-1,-1,-1
377,24,1345,653,86,223,0.6340,-1,-1,-1
378,22,1456,726,85,252,0.7262,-1,-1,-1
378,21,1551,679,99,243,0.6591,-1,-1,-1
378,24,1341,652,71,196,0.4818,-1,-1,-1
379,22,1454,727,84,255,0.7088,-1,-1,-1
379,21,1545,678,97,247,0.6052,-1,-1,-1
379,24,1338,653,60,181,0.3811,-1,-1,-1
380,22,1452,726,84,262,0.7139,-1,-1,-1
380,21,1538,677,92,252,0.6669,-1,-1,-1
380,24,1332,648,59,182,0.6514,-1,-1,-1
381,22,1451,724,88,271,0.7179,-1,-1,-1
381,21,1525,677,92,258,0.6879,-1,-1,-1
381,24,1330,643,56,183,0.5291,-1,-1,-1
382,22,1450,730,89,268,0.7561,-1,-1,-1
382,21,1527,677,85,258,0.6585,-1,-1,-1
382,24,1325,647,55,180,0.7616,-1,-1,-1
383,22,1448,735,91,267,0.7611,-1,-1,-1
383,21,1525,677,85,260,0.6854,-1,-1,-1
383,24,1320,650,55,180,0.7143,-1,-1,-1
384,22,1444,737,95,271,0.7883,-1,-1,-1
384,21,1517,681,89,259,0.6590,-1,-1,-1
384,24,1316,649,54,183,0.5969,-1,-1,-1
385,22,1442,738,93,273,0.7837,-1,-1,-1
385,21,1510,688,90,252,0.5946,-1,-1,-1
386,22,1435,739,95,279,0.7004,-1,-1,-1
386,21,1507,690,94,255,0.7144,-1,-1,-1
387,22,1431,739,96,283,0.6739,-1,-1,-1
387,21,1502,691,96,257,0.7016,-1,-1,-1
388,22,1423,743,100,285,0.7542,-1,-1,-1
388,21,1495,691,102,263,0.6682,-1,-1,-1
388,26,1233,641,59,223,0.5978,-1,-1,-1
389,22,1421,745,99,289,0.6611,-1,-1,-1
389,21,1488,688,108,269,0.6822,-1,-1,-1
389,26,1223,644,62,220,0.5499,-1,-1,-1
390,22,1415,747,102,293,0.6957,-1,-1,-1
390,21,1485,693,109,258,0.6612,-1,-1,-1
390,26,1220,645,59,226,0.5288,-1,-1,-1
391,22,1406,751,106,294,0.6334,-1,-1,-1
391,21,1477,707,114,243,0.6182,-1,-1,-1
392,22,1398,751,114,297,0.6508,-1,-1,-1
392,21,1469,700,114,252,0.6735,-1,-1,-1
392,24,1253,644,69,266,0.6036,-1,-1,-1
392,26,1196,649,68,225,0.5284,-1,-1,-1
393,22,1395,754,111,296,0.7191,-1,-1,-1
393,21,1459,692,113,261,0.3467,-1,-1,-1
393,26,1188,651,67,215,0.4571,-1,-1,-1
394,22,1387,745,111,300,0.6020,-1,-1,-1
394,21,1450,696,110,273,0.4436,-1,-1,-1
394,26,1180,651,66,223,0.4850,-1,-1,-1
395,22,1376,761,109,291,0.5600,-1,-1,-1
395,26,1170,652,68,231,0.6147,-1,-1,-1
396,22,1368,757,108,308,0.5547,-1,-1,-1
396,26,1161,651,70,223,0.5996,-1,-1,-1
397,22,1361,765,106,301,0.4961,-1,-1,-1
397,26,1153,651,68,216,0.4952,-1,-1,-1
398,22,1352,774,106,299,0.6576,-1,-1,-1
398,26,1142,651,71,235,0.5175,-1,-1,-1
399,22,1346,770,106,306,0.6376,-1,-1,-1
399,26,1129,653,70,242,0.6224,-1,-1,-1
400,22,1336,779,110,299,0.7269,-1,-1,-1
400,26,1112,655,82,248,0.5566,-1,-1,-1
401,22,1316,793,122,285,0.6087,-1,-1,-1
401,26,1098,657,84,247,0.6061,-1,-1,-1
401,27,1280,553,45,135,0.5883,-1,-1,-1
402,22,1305,802,125,276,0.7421,-1,-1,-1
402,26,1075,659,90,250,0.4896,-1,-1,-1
402,27,1267,548,49,135,0.5972,-1,-1,-1
403,22,1294,783,129,295,0.7476,-1,-1,-1
403,26,1060,661,104,264,0.5153,-1,-1,-1
403,27,1259,545,47,136,0.5405,-1,-1,-1
404,22,1281,778,134,301,0.7962,-1,-1,-1
404,26,1051,664,103,272,0.5684,-1,-1,-1
404,27,1250,549,44,131,0.4791,-1,-1,-1
405,22,1261,785,142,293,0.7448,-1,-1,-1
405,26,1041,664,101,276,0.5211,-1,-1,-1
405,27,1241,548,41,132,0.4654,-1,-1,-1
406,22,1219,784,169,295,0.8266,-1,-1,-1
406,26,1020,664,110,279,0.6180,-1,-1,-1
406,27,1231,545,41,132,0.5043,-1,-1,-1
407,22,1191,792,184,287,0.8192,-1,-1,-1
407,26,1002,670,111,280,0.6709,-1,-1,-1
407,27,1217,547,46,133,0.5810,-1,-1,-1
408,22,1165,794,195,285,0.8357,-1,-1,-1
408,26,991,672,104,282,0.6049,-1,-1,-1
408,27,1206,548,43,130,0.5730,-1,-1,-1
409,22,1177,802,165,277,0.7202,-1,-1,-1
409,26,962,672,115,287,0.7297,-1,-1,-1
409,27,1193,546,45,138,0.5795,-1,-1,-1
410,22,1172,804,149,274,0.7565,-1,-1,-1
410,26,948,674,115,288,0.7515,-1,-1,-1
410,27,1181,541,46,140,0.5128,-1,-1,-1
411,22,1160,811,141,267,0.7326,-1,-1,-1
411,26,927,674,112,292,0.7430,-1,-1,-1
411,27,1167,538,48,148,0.5019,-1,-1,-1
412,22,1143,818,139,261,0.7329,-1,-1,-1
412,26,907,674,127,294,0.7745,-1,-1,-1
412,27,1154,537,46,143,0.4575,-1,-1,-1
413,22,1140,824,122,253,0.6776,-1,-1,-1
413,26,888,673,126,298,0.7824,-1,-1,-1
413,27,1138,537,46,144,0.4337,-1,-1,-1
414,22,1104,822,138,257,0.7252,-1,-1,-1
414,26,865,673,124,299,0.7315,-1,-1,-1
415,22,1073,820,145,260,0.6705,-1,-1,-1
415,26,841,672,120,303,0.7162,-1,-1,-1
416,22,1061,823,134,254,0.7434,-1,-1,-1
416,26,811,672,114,308,0.8083,-1,-1,-1
417,22,1052,827,118,250,0.7092,-1,-1,-1
417,26,780,674,122,312,0.7508,-1,-1,-1
418,22,1024,831,122,248,0.7658,-1,-1,-1
418,26,750,675,120,314,0.8461,-1,-1,-1
419,22,1009,837,111,242,0.7233,-1,-1,-1
419,26,719,677,120,316,0.8126,-1,-1,-1
420,22,977,837,117,242,0.7373,-1,-1,-1
420,26,686,679,128,317,0.7988,-1,-1,-1
420,30,904,776,109,303,0.6258,-1,-1,-1
420,31,1763,579,76,198,0.5671,-1,-1,-1
421,22,945,840,121,240,0.7489,-1,-1,-1
421,26,654,681,131,318,0.8127,-1,-1,-1
421,30,884,833,101,246,0.5040,-1,-1,-1
421,31,1751,581,67,197,0.6758,-1,-1,-1
422,22,914,845,124,234,0.8043,-1,-1,-1
422,26,624,680,138,325,0.8497,-1,-1,-1
422,30,854,813,102,265,0.5511,-1,-1,-1
422,31,1735,580,65,198,0.7015,-1,-1,-1
423,22,886,851,121,228,0.7612,-1,-1,-1
423,26,594,682,137,328,0.8458,-1,-1,-1
423,30,814,806,106,273,0.6242,-1,-1,-1
423,31,1710,578,71,204,0.6646,-1,-1,-1
423,27,970,530,53,141,0.5848,-1,-1,-1
424,22,855,859,119,218,0.7472,-1,-1,-1
424,26,559,682,142,330,0.8215,-1,-1,-1
424,30,774,806,121,273,0.7244,-1,-1,-1
424,31,1689,576,74,204,0.5313,-1,-1,-1
424,32,1539,605,61,172,0.6153,-1,-1,-1
424,27,949,526,58,143,0.5917,-1,-1,-1
425,22,821,863,121,215,0.7595,-1,-1,-1
425,26,522,686,149,330,0.7935,-1,-1,-1
425,30,733,807,122,272,0.7115,-1,-1,-1
425,31,1668,576,75,202,0.6414,-1,-1,-1
425,32,1519,606,63,172,0.6307,-1,-1,-1
425,27,929,522,57,147,0.5173,-1,-1,-1
426,22,791,869,119,210,0.7699,-1,-1,-1
426,26,485,691,137,329,0.6689,-1,-1,-1
426,30,705,814,114,265,0.6711,-1,-1,-1
426,31,1650,577,73,200,0.7029,-1,-1,-1
426,32,1506,608,61,169,0.6081,-1,-1,-1
426,27,911,517,58,152,0.5829,-1,-1,-1
427,22,759,876,116,203,0.6181,-1,-1,-1
427,26,443,697,165,332,0.8102,-1,-1,-1
427,30,668,825,118,248,0.5289,-1,-1,-1
427,31,1632,578,72,203,0.7473,-1,-1,-1
427,32,1486,604,69,175,0.5589,-1,-1,-1
427,27,893,520,57,148,0.5787,-1,-1,-1
428,22,726,884,114,196,0.5915,-1,-1,-1
428,26,410,701,169,339,0.7445,-1,-1,-1
428,30,624,833,120,202,0.3954,-1,-1,-1
428,31,1610,582,72,201,0.6820,-1,-1,-1
428,32,1469,606,67,176,0.5123,-1,-1,-1
428,27,871,528,58,142,0.5409,-1,-1,-1
429,22,691,897,111,183,0.5865,-1,-1,-1
429,26,383,704,159,339,0.6874,-1,-1,-1
429,30,580,851,122,185,0.5130,-1,-1,-1
429,31,1588,583,73,207,0.6848,-1,-1,-1
429,32,1451,609,70,180,0.5035,-1,-1,-1
429,27,849,529,60,140,0.3948,-1,-1,-1
430,22,650,908,114,173,0.6804,-1,-1,-1
430,26,335,711,157,337,0.7742,-1,-1,-1
430,30,536,864,109,192,0.4847,-1,-1,-1
430,31,1564,587,80,207,0.6532,-1,-1,-1
430,32,1434,611,74,183,0.5255,-1,-1,-1
430,27,826,543,58,131,0.3468,-1,-1,-1
431,22,610,917,112,163,0.5386,-1,-1,-1
431,26,287,715,161,343,0.7535,-1,-1,-1
431,30,497,871,120,200,0.5554,-1,-1,-1
431,31,1544,588,79,207,0.6601,-1,-1,-1
431,32,1416,615,72,181,0.5540,-1,-1,-1
431,27,802,552,51,127,0.3672,-1,-1,-1
432,22,567,927,111,153,0.5923,-1,-1,-1
432,26,250,717,160,351,0.7838,-1,-1,-1
432,30,447,873,134,204,0.5903,-1,-1,-1
432,31,1522,590,79,206,0.6897,-1,-1,-1
432,32,1399,615,71,184,0.5510,-1,-1,-1
432,27,780,557,47,121,0.3637,-1,-1,-1
433,22,521,938,115,142,0.6538,-1,-1,-1
433,26,211,724,144,332,0.5741,-1,-1,-1
433,30,365,875,172,205,0.5849,-1,-1,-1
433,31,1499,590,81,211,0.6680,-1,-1,-1
433,32,1381,619,66,184,0.4708,-1,-1,-1
433,27,760,560,43,120,0.4330,-1,-1,-1
434,22,479,948,111,131,0.5705,-1,-1,-1
434,26,164,728,116,334,0.6769,-1,-1,-1
434,30,299,877,193,202,0.7468,-1,-1,-1
434,31,1476,589,80,212,0.6419,-1,-1,-1
434,32,1361,625,62,151,0.3427,-1,-1,-1
435,22,430,958,113,121,0.6664,-1,-1,-1
435,26,114,732,107,341,0.7423,-1,-1,-1
435,30,257,885,187,195,0.6410,-1,-1,-1
435,31,1454,596,76,207,0.6657,-1,-1,-1
435,32,1342,629,81,173,0.5537,-1,-1,-1
436,22,381,968,111,111,0.4423,-1,-1,-1
436,26,63,735,107,343,0.7382,-1,-1,-1
436,30,224,892,172,188,0.6420,-1,-1,-1
436,31,1431,599,74,204,0.6803,-1,-1,-1
436,32,1324,626,85,186,0.3923,-1,-1,-1
437,22,331,981,100,99,0.4105,-1,-1,-1
437,26,7,738,121,343,0.7960,-1,-1,-1
437,30,178,901,166,179,0.6928,-1,-1,-1
437,31,1407,603,72,203,0.7205,-1,-1,-1
437,32,1302,629,88,186,0.6614,-1,-1,-1
437,33,1227,638,87,239,0.6575,-1,-1,-1
438,22,277,992,92,87,0.3015,-1,-1,-1
438,26,-12,738,85,337,0.6220,-1,-1,-1
438,30,126,911,164,169,0.5548,-1,-1,-1
438,31,1385,603,69,204,0.6969,-1,-1,-1
438,32,1284,631,80,185,0.4919,-1,-1,-1
438,33,1206,642,73,236,0.6808,-1,-1,-1
439,22,219,1005,93,74,0.5108,-1,-1,-1
439,30,69,919,163,161,0.7067,-1,-1,-1
439,31,1359,604,72,204,0.6955,-1,-1,-1
439,32,1266,634,71,177,0.3549,-1,-1,-1
439,33,1182,649,68,235,0.7163,-1,-1,-1
440,30,7,930,173,150,0.6467,-1,-1,-1
440,31,1335,607,69,203,0.6191,-1,-1,-1
440,32,1245,637,71,183,0.5009,-1,-1,-1
440,33,1156,655,72,231,0.7118,-1,-1,-1
440,27,601,563,46,119,0.5314,-1,-1,-1
441,30,-15,941,123,137,0.5238,-1,-1,-1
441,31,1308,607,73,207,0.7139,-1,-1,-1
441,32,1225,639,71,186,0.6289,-1,-1,-1
441,33,1127,660,88,233,0.7959,-1,-1,-1
441,27,578,559,49,124,0.4818,-1,-1,-1
442,30,-15,900,124,178,0.6958,-1,-1,-1
442,31,1282,606,73,208,0.7002,-1,-1,-1
442,32,1208,639,68,190,0.6773,-1,-1,-1
442,33,1103,666,93,231,0.7941,-1,-1,-1
442,27,554,559,48,124,0.4383,-1,-1,-1
443,31,1254,604,74,212,0.7431,-1,-1,-1
443,32,1188,641,66,191,0.7686,-1,-1,-1
443,33,1079,674,100,227,0.7722,-1,-1,-1
443,27,530,564,47,122,0.5535,-1,-1,-1
444,31,1228,603,74,214,0.7410,-1,-1,-1
444,32,1166,640,68,195,0.6897,-1,-1,-1
444,33,1055,676,98,230,0.7623,-1,-1,-1
444,27,504,570,46,116,0.6323,-1,-1,-1
445,31,1204,603,71,216,0.7355,-1,-1,-1
445,32,1143,640,70,200,0.7503,-1,-1,-1
445,33,1028,677,97,234,0.7793,-1,-1,-1
445,27,478,570,47,120,0.6215,-1,-1,-1
446,31,1180,601,67,219,0.7332,-1,-1,-1
446,32,1118,639,72,205,0.6729,-1,-1,-1
446,33,1001,674,96,243,0.7724,-1,-1,-1
446,27,452,572,49,119,0.6621,-1,-1,-1
447,31,1154,601,62,221,0.6262,-1,-1,-1
447,32,1093,639,73,204,0.7387,-1,-1,-1
447,33,973,672,97,252,0.7486,-1,-1,-1
447,27,426,571,51,121,0.5789,-1,-1,-1
448,31,1126,601,62,223,0.6325,-1,-1,-1
448,32,1066,639,77,207,0.7234,-1,-1,-1
448,33,943,672,95,257,0.7148,-1,-1,-1
448,27,399,570,50,121,0.6092,-1,-1,-1
449,31,1099,601,62,225,0.4456,-1,-1,-1
449,32,1040,640,80,210,0.7635,-1,-1,-1
449,33,911,671,99,262,0.7665,-1,-1,-1
449,27,371,569,52,121,0.6425,-1,-1,-1
450,31,1069,601,61,231,0.3439,-1,-1,-1
450,32,1015,635,80,216,0.6185,-1,-1,-1
450,33,882,674,101,264,0.7194,-1,-1,-1
450,27,340,567,55,124,0.5879,-1,-1,-1
450,34,1836,777,77,301,0.7929,-1,-1,-1
451,31,1041,611,59,221,0.3460,-1,-1,-1
451,32,992,641,77,209,0.7056,-1,-1,-1
451,33,851,679,95,267,0.8064,-1,-1,-1
451,27,312,566,53,123,0.5274,-1,-1,-1
451,34,1804,774,104,304,0.8816,-1,-1,-1
452,32,966,635,75,218,0.6180,-1,-1,-1
452,33,818,686,104,266,0.8378,-1,-1,-1
452,27,284,566,51,124,0.4746,-1,-1,-1
452,34,1773,774,134,305,0.8822,-1,-1,-1
453,32,937,625,78,230,0.6883,-1,-1,-1
453,33,785,693,108,265,0.7704,-1,-1,-1
453,27,254,566,51,126,0.6327,-1,-1,-1
453,34,1743,773,164,307,0.8915,-1,-1,-1
454,32,912,628,80,232,0.7141,-1,-1,-1
454,33,750,697,103,267,0.7776,-1,-1,-1
454,27,223,567,50,127,0.3944,-1,-1,-1
454,34,1710,773,185,307,0.9049,-1,-1,-1
455,32,884,620,84,245,0.7384,-1,-1,-1
455,33,714,699,97,274,0.8219,-1,-1,-1
455,34,1678,774,195,306,0.8922,-1,-1,-1
456,32,858,629,84,236,0.6696,-1,-1,-1
456,33,679,697,96,289,0.8182,-1,-1,-1
456,34,1646,768,198,310,0.9086,-1,-1,-1
456,35,783,626,67,222,0.6286,-1,-1,-1
457,32,828,627,85,243,0.6999,-1,-1,-1
457,33,643,696,94,304,0.8130,-1,-1,-1
457,34,1611,762,200,315,0.8922,-1,-1,-1
457,35,753,632,68,216,0.6984,-1,-1,-1
458,32,797,625,89,250,0.7350,-1,-1,-1
458,33,604,699,97,315,0.7929,-1,-1,-1
458,34,1577,760,201,316,0.8969,-1,-1,-1
458,35,723,637,69,218,0.6906,-1,-1,-1
458,27,88,561,56,143,0.5431,-1,-1,-1
459,32,760,648,98,233,0.5113,-1,-1,-1
459,33,565,701,100,328,0.8117,-1,-1,-1
459,34,1542,755,201,323,0.9115,-1,-1,-1
459,35,690,646,68,210,0.6144,-1,-1,-1
459,27,58,559,55,148,0.4544,-1,-1,-1
460,32,730,646,96,241,0.7342,-1,-1,-1
460,33,519,707,104,336,0.7952,-1,-1,-1
460,34,1507,757,198,321,0.9079,-1,-1,-1
460,35,657,644,73,216,0.7304,-1,-1,-1
461,32,701,649,94,244,0.7027,-1,-1,-1
461,33,470,715,112,343,0.7756,-1,-1,-1
461,34,1473,758,196,321,0.9022,-1,-1,-1
461,35,622,653,74,219,0.7162,-1,-1,-1
462,32,667,645,94,254,0.7171,-1,-1,-1
462,33,425,727,123,341,0.7808,-1,-1,-1
462,34,1439,769,193,310,0.8748,-1,-1,-1
462,35,590,653,74,226,0.6903,-1,-1,-1
463,32,628,649,104,256,0.7038,-1,-1,-1
463,33,380,740,128,335,0.8278,-1,-1,-1
463,34,1406,783,188,297,0.8930,-1,-1,-1
463,35,556,653,75,227,0.6849,-1,-1,-1
464,32,593,656,109,255,0.7368,-1,-1,-1
464,33,333,746,139,333,0.8166,-1,-1,-1
464,34,1369,798,191,280,0.8947,-1,-1,-1
464,35,522,656,76,236,0.7714,-1,-1,-1
465,32,561,659,109,258,0.7352,-1,-1,-1
465,33,283,748,151,335,0.8207,-1,-1,-1
465,34,1334,814,191,264,0.8895,-1,-1,-1
465,35,486,656,84,244,0.7543,-1,-1,-1
466,32,524,675,115,249,0.7510,-1,-1,-1
466,33,228,755,165,329,0.7879,-1,-1,-1
466,34,1299,826,189,253,0.8687,-1,-1,-1
466,35,449,660,87,245,0.6747,-1,-1,-1
467,32,490,686,113,243,0.7617,-1,-1,-1
467,33,173,761,177,323,0.8783,-1,-1,-1
467,34,1265,839,185,239,0.8563,-1,-1,-1
467,35,409,663,93,247,0.6894,-1,-1,-1
468,32,453,692,110,244,0.6491,-1,-1,-1
468,33,116,764,183,319,0.8712,-1,-1,-1
468,34,1233,849,182,230,0.8386,-1,-1,-1
468,35,369,662,90,254,0.6551,-1,-1,-1
469,32,415,695,108,246,0.6694,-1,-1,-1
469,33,54,770,193,311,0.9054,-1,-1,-1
469,34,1201,854,179,224,0.8495,-1,-1,-1
469,35,329,666,90,251,0.5812,-1,-1,-1
470,32,376,697,111,249,0.6953,-1,-1,-1
470,33,1,772,192,308,0.8522,-1,-1,-1
470,34,1168,856,174,222,0.8576,-1,-1,-1
470,35,290,662,98,263,0.5989,-1,-1,-1
471,32,339,697,108,254,0.6871,-1,-1,-1
471,33,-17,779,153,301,0.7171,-1,-1,-1
471,34,1132,854,173,224,0.8725,-1,-1,-1
471,35,251,652,114,279,0.6408,-1,-1,-1
472,32,297,699,108,256,0.7278,-1,-1,-1
472,34,1093,852,175,226,0.8424,-1,-1,-1
472,35,209,648,119,287,0.7074,-1,-1,-1
473,32,256,700,108,258,0.6975,-1,-1,-1
473,34,1052,850,178,227,0.8536,-1,-1,-1
473,35,165,654,115,287,0.6469,-1,-1,-1
474,32,220,701,101,261,0.6847,-1,-1,-1
474,34,1011,849,183,227,0.8731,-1,-1,-1
474,35,118,653,118,288,0.6039,-1,-1,-1
475,32,175,702,104,262,0.7168,-1,-1,-1
475,34,971,848,177,229,0.8343,-1,-1,-1
475,35,68,658,113,288,0.7100,-1,-1,-1
476,32,133,701,104,271,0.8099,-1,-1,-1
476,34,929,855,166,223,0.8696,-1,-1,-1
476,35,21,677,109,273,0.6312,-1,-1,-1
477,32,86,702,106,280,0.5304,-1,-1,-1
477,34,886,863,157,215,0.7816,-1,-1,-1
477,35,-6,704,88,247,0.5684,-1,-1,-1
478,34,842,868,183,210,0.6025,-1,-1,-1
479,34,799,875,187,203,0.7673,-1,-1,-1
481,34,707,883,187,196,0.7324,-1,-1,-1
482,34,683,880,161,200,0.8057,-1,-1,-1
483,34,619,877,173,203,0.8501,-1,-1,-1
483,38,1790,657,92,234,0.8100,-1,-1,-1
484,34,566,874,175,206,0.8807,-1,-1,-1
484,38,1750,654,93,237,0.7613,-1,-1,-1
485,34,513,875,175,205,0.8786,-1,-1,-1
485,38,1709,658,88,249,0.4966,-1,-1,-1
486,34,461,878,173,201,0.8594,-1,-1,-1
486,38,1667,659,88,220,0.5870,-1,-1,-1
487,34,405,885,174,195,0.8146,-1,-1,-1
487,38,1627,659,85,163,0.5160,-1,-1,-1
488,34,356,898,170,182,0.8284,-1,-1,-1
488,38,1588,659,81,142,0.4689,-1,-1,-1
489,34,307,914,165,167,0.8332,-1,-1,-1
489,38,1547,661,80,141,0.6531,-1,-1,-1
489,39,1454,652,102,242,0.6949,-1,-1,-1
490,34,258,927,158,153,0.8570,-1,-1,-1
490,38,1506,667,79,136,0.5523,-1,-1,-1
490,39,1411,661,102,240,0.7097,-1,-1,-1
491,34,207,942,154,138,0.8306,-1,-1,-1
491,38,1461,669,81,140,0.3933,-1,-1,-1
491,39,1363,666,104,243,0.7018,-1,-1,-1
492,34,156,951,150,128,0.7865,-1,-1,-1
492,38,1414,675,85,150,0.3843,-1,-1,-1
492,39,1325,669,97,247,0.7190,-1,-1,-1
493,34,104,958,148,121,0.7879,-1,-1,-1
493,38,1370,678,86,142,0.5977,-1,-1,-1
493,39,1291,670,91,249,0.6822,-1,-1,-1
494,34,45,963,149,117,0.8649,-1,-1,-1
494,38,1325,686,89,145,0.5588,-1,-1,-1
494,39,1257,673,77,254,0.6709,-1,-1,-1
495,34,0,967,134,113,0.7627,-1,-1,-1
495,38,1267,689,101,177,0.3125,-1,-1,-1
495,39,1212,676,72,261,0.6657,-1,-1,-1
496,34,-14,969,80,111,0.7497,-1,-1,-1
496,39,1165,682,75,265,0.6432,-1,-1,-1
497,39,1124,681,73,269,0.6498,-1,-1,-1
497,38,1170,686,108,254,0.5333,-1,-1,-1
498,39,1078,681,73,269,0.6432,-1,-1,-1
498,38,1131,690,100,253,0.3461,-1,-1,-1
499,39,1031,680,76,273,0.6905,-1,-1,-1
499,38,1095,690,91,263,0.4330,-1,-1,-1
500,39,981,678,83,272,0.7293,-1,-1,-1
500,38,1049,689,91,264,0.5656,-1,-1,-1
501,39,932,680,92,271,0.7289,-1,-1,-1
501,38,1004,689,90,266,0.6358,-1,-1,-1
502,39,878,681,104,274,0.7228,-1,-1,-1
502,38,963,688,85,275,0.6109,-1,-1,-1
503,39,830,683,112,273,0.7158,-1,-1,-1
503,38,919,689,82,262,0.5700,-1,-1,-1
504,39,784,682,110,275,0.7345,-1,-1,-1
504,38,872,690,82,279,0.7107,-1,-1,-1
504,40,1832,645,78,174,0.6970,-1,-1,-1
505,39,736,683,109,282,0.7346,-1,-1,-1
505,38,827,691,83,284,0.7350,-1,-1,-1
505,40,1798,647,80,173,0.6947,-1,-1,-1
506,39,684,688,104,280,0.7232,-1,-1,-1
506,38,774,696,87,299,0.7215,-1,-1,-1
506,40,1767,654,73,167,0.6932,-1,-1,-1
506,41,1848,658,60,173,0.7752,-1,-1,-1
507,39,637,691,99,286,0.6855,-1,-1,-1
507,38,708,699,103,309,0.7088,-1,-1,-1
507,40,1735,657,72,166,0.6893,-1,-1,-1
507,41,1812,653,73,180,0.7222,-1,-1,-1
508,39,591,698,91,288,0.6267,-1,-1,-1
508,38,643,709,119,320,0.7339,-1,-1,-1
508,40,1699,659,76,171,0.7155,-1,-1,-1
508,41,1778,658,77,181,0.6993,-1,-1,-1
509,39,542,704,87,295,0.6520,-1,-1,-1
509,38,589,716,123,328,0.7708,-1,-1,-1
509,40,1666,663,74,171,0.7607,-1,-1,-1
509,41,1744,661,77,181,0.7421,-1,-1,-1
510,39,493,710,89,312,0.6042,-1,-1,-1
510,38,539,725,122,327,0.7281,-1,-1,-1
510,40,1633,667,73,171,0.7678,-1,-1,-1
510,41,1707,665,78,183,0.7641,-1,-1,-1
511,39,439,718,104,327,0.7159,-1,-1,-1
511,38,493,733,116,330,0.7519,-1,-1,-1
511,40,1598,668,73,174,0.7398,-1,-1,-1
511,41,1672,669,77,182,0.7354,-1,-1,-1
512,39,388,724,99,317,0.6619,-1,-1,-1
512,38,435,741,121,320,0.7310,-1,-1,-1
512,40,1562,670,76,176,0.8125,-1,-1,-1
512,41,1638,671,76,186,0.7196,-1,-1,-1
513,39,295,732,127,316,0.7467,-1,-1,-1
513,38,383,747,122,328,0.7798,-1,-1,-1
513,40,1527,670,78,179,0.7727,-1,-1,-1
513,41,1606,670,75,190,0.7400,-1,-1,-1
514,39,223,740,147,319,0.6529,-1,-1,-1
514,38,326,752,120,326,0.7892,-1,-1,-1
514,40,1495,673,76,181,0.7461,-1,-1,-1
514,41,1572,672,74,194,0.7428,-1,-1,-1
515,39,162,746,155,326,0.7006,-1,-1,-1
515,38,258,757,134,325,0.7012,-1,-1,-1
515,40,1462,672,77,181,0.7069,-1,-1,-1
515,41,1539,670,73,198,0.7433,-1,-1,-1
516,39,99,749,148,329,0.3002,-1,-1,-1
516,38,193,760,139,322,0.6111,-1,-1,-1
516,40,1428,672,78,184,0.7611,-1,-1,-1
516,41,1505,669,76,203,0.7394,-1,-1,-1
517,39,67,756,115,318,0.4260,-1,-1,-1
517,38,117,765,157,317,0.7050,-1,-1,-1
517,40,1396,672,77,184,0.7103,-1,-1,-1
517,41,1473,672,74,202,0.7554,-1,-1,-1
518,39,7,759,107,317,0.5243,-1,-1,-1
518,38,55,772,158,309,0.7541,-1,-1,-1
518,40,1357,673,85,188,0.6750,-1,-1,-1
518,41,1441,676,73,198,0.7199,-1,-1,-1
518,42,1818,728,93,276,0.5621,-1,-1,-1
518,43,1477,571,43,106,0.6966,-1,-1,-1
519,38,0,779,155,301,0.8306,-1,-1,-1
519,40,1323,674,87,187,0.7977,-1,-1,-1
519,41,1411,675,73,198,0.7406,-1,-1,-1
519,42,1784,728,96,277,0.7146,-1,-1,-1
519,43,1450,570,43,105,0.6500,-1,-1,-1
520,38,-18,785,106,292,0.7209,-1,-1,-1
520,40,1289,675,88,186,0.7746,-1,-1,-1
520,41,1379,675,72,205,0.7552,-1,-1,-1
520,42,1746,730,103,275,0.6192,-1,-1,-1
520,43,1425,571,43,103,0.6132,-1,-1,-1
521,40,1255,675,89,191,0.7639,-1,-1,-1
521,41,1345,676,74,204,0.7346,-1,-1,-1
521,42,1711,729,102,276,0.6034,-1,-1,-1
521,43,1400,570,43,102,0.5791,-1,-1,-1
522,40,1225,678,84,187,0.7476,-1,-1,-1
522,41,1314,675,74,210,0.7420,-1,-1,-1
522,42,1682,729,99,276,0.6215,-1,-1,-1
522,43,1375,570,45,101,0.5573,-1,-1,-1
523,40,1196,677,80,190,0.7413,-1,-1,-1
523,41,1282,675,75,213,0.7761,-1,-1,-1
523,42,1646,726,103,274,0.6472,-1,-1,-1
523,43,1351,566,46,105,0.5525,-1,-1,-1
524,40,1164,678,78,192,0.7263,-1,-1,-1
524,41,1250,676,76,213,0.7574,-1,-1,-1
524,42,1614,725,105,273,0.6246,-1,-1,-1
524,43,1326,568,48,104,0.5759,-1,-1,-1
525,40,1133,682,74,192,0.7331,-1,-1,-1
525,41,1216,676,78,215,0.6999,-1,-1,-1
525,42,1584,723,104,277,0.7685,-1,-1,-1
525,43,1301,565,51,108,0.5334,-1,-1,-1
526,40,1102,681,73,199,0.7621,-1,-1,-1
526,41,1181,676,81,221,0.7270,-1,-1,-1
526,42,1549,722,107,279,0.7025,-1,-1,-1
526,43,1276,567,51,106,0.5377,-1,-1,-1
527,40,1072,684,71,200,0.7145,-1,-1,-1
527,41,1146,678,83,222,0.7249,-1,-1,-1
527,42,1521,722,106,277,0.7027,-1,-1,-1
527,43,1253,569,49,103,0.5523,-1,-1,-1
528,40,1040,689,70,199,0.7587,-1,-1,-1
528,41,1113,689,83,217,0.7155,-1,-1,-1
528,42,1489,723,105,279,0.7785,-1,-1,-1
528,43,1229,571,49,103,0.5723,-1,-1,-1
529,40,1008,691,69,206,0.7164,-1,-1,-1
529,41,1074,692,89,221,0.7162,-1,-1,-1
529,42,1456,723,108,287,0.7286,-1,-1,-1
529,43,1208,571,47,104,0.5745,-1,-1,-1
530,40,971,692,76,211,0.7636,-1,-1,-1
530,41,1034,693,96,227,0.7035,-1,-1,-1
530,42,1423,724,112,291,0.7161,-1,-1,-1
530,43,1185,571,45,104,0.6073,-1,-1,-1
531,40,935,695,82,219,0.7304,-1,-1,-1
531,41,1004,698,97,226,0.7661,-1,-1,-1
531,42,1389,724,118,294,0.8181,-1,-1,-1
531,43,1163,570,45,106,0.6949,-1,-1,-1
532,40,904,700,79,217,0.7064,-1,-1,-1
532,41,966,700,106,235,0.7788,-1,-1,-1
532,42,1355,728,119,291,0.5740,-1,-1,-1
532,43,1141,572,45,106,0.6998,-1,-1,-1
533,40,871,702,81,216,0.7869,-1,-1,-1
533,41,934,703,106,239,0.7229,-1,-1,-1
533,42,1330,732,114,292,0.7588,-1,-1,-1
533,43,1119,570,45,109,0.7236,-1,-1,-1
534,40,836,703,84,222,0.7011,-1,-1,-1
534,41,909,709,99,233,0.6586,-1,-1,-1
534,42,1302,735,113,292,0.7698,-1,-1,-1
534,43,1096,572,46,108,0.7344,-1,-1,-1
535,40,806,705,81,222,0.7051,-1,-1,-1
535,41,880,708,95,240,0.7394,-1,-1,-1
535,42,1276,736,109,292,0.6392,-1,-1,-1
535,43,1075,572,45,109,0.7117,-1,-1,-1
536,40,773,707,75,223,0.7773,-1,-1,-1
536,41,847,709,95,246,0.7424,-1,-1,-1
536,42,1247,735,111,295,0.8227,-1,-1,-1
536,43,1055,573,46,110,0.6487,-1,-1,-1
537,40,737,705,73,233,0.6117,-1,-1,-1
537,41,816,708,96,252,0.7264,-1,-1,-1
537,42,1220,734,106,292,0.7246,-1,-1,-1
537,43,1033,571,46,113,0.6851,-1,-1,-1
538,40,702,709,68,233,0.5585,-1,-1,-1
538,41,783,711,87,257,0.6467,-1,-1,-1
538,42,1196,735,101,292,0.7762,-1,-1,-1
538,43,1015,573,44,114,0.6998,-1,-1,-1
539,40,665,712,70,233,0.6690,-1,-1,-1
539,41,748,713,84,264,0.7716,-1,-1,-1
539,42,1170,734,105,294,0.7674,-1,-1,-1
539,43,996,575,43,113,0.7391,-1,-1,-1
540,40,626,715,85,239,0.7524,-1,-1,-1
540,41,717,717,82,269,0.7098,-1,-1,-1
540,42,1142,736,107,303,0.8138,-1,-1,-1
540,43,975,577,45,114,0.7550,-1,-1,-1
541,40,580,720,99,248,0.7682,-1,-1,-1
541,41,678,724,90,272,0.7449,-1,-1,-1
541,42,1113,739,107,302,0.6840,-1,-1,-1
541,43,955,580,45,113,0.7293,-1,-1,-1
542,40,532,724,115,250,0.7743,-1,-1,-1
542,41,643,729,94,271,0.6921,-1,-1,-1
542,42,1081,746,108,308,0.5706,-1,-1,-1
542,43,935,581,46,113,0.7098,-1,-1,-1
543,40,492,732,122,251,0.7946,-1,-1,-1
543,41,602,736,100,279,0.7106,-1,-1,-1
543,42,1045,752,116,308,0.7559,-1,-1,-1
543,43,914,584,48,112,0.6887,-1,-1,-1
544,40,452,742,129,256,0.8509,-1,-1,-1
544,41,561,745,105,294,0.8118,-1,-1,-1
544,42,1008,758,124,310,0.7459,-1,-1,-1
544,43,894,585,48,114,0.7583,-1,-1,-1
545,40,420,746,131,252,0.7520,-1,-1,-1
545,41,529,747,105,294,0.7853,-1,-1,-1
545,42,987,756,121,311,0.7385,-1,-1,-1
545,43,876,583,48,113,0.7432,-1,-1,-1
546,40,388,744,122,264,0.7208,-1,-1,-1
546,41,493,748,110,298,0.7954,-1,-1,-1
546,42,961,755,122,314,0.7281,-1,-1,-1
546,43,857,580,50,115,0.7486,-1,-1,-1
547,40,354,750,114,265,0.7659,-1,-1,-1
547,41,457,751,106,297,0.8218,-1,-1,-1
547,42,937,756,121,313,0.7650,-1,-1,-1
547,43,837,582,51,114,0.7132,-1,-1,-1
548,40,317,753,107,273,0.7565,-1,-1,-1
548,41,418,754,103,305,0.7623,-1,-1,-1
548,42,910,760,123,311,0.7070,-1,-1,-1
548,43,817,582,53,115,0.7149,-1,-1,-1
549,40,281,762,102,275,0.8168,-1,-1,-1
549,41,375,758,111,309,0.8458,-1,-1,-1
549,42,887,756,120,311,0.7665,-1,-1,-1
549,43,798,581,52,117,0.7694,-1,-1,-1
550,40,243,763,100,278,0.7742,-1,-1,-1
550,41,338,760,116,315,0.7267,-1,-1,-1
550,42,869,754,114,314,0.7643,-1,-1,-1
550,43,780,582,52,117,0.7662,-1,-1,-1
551,40,201,764,100,290,0.7686,-1,-1,-1
551,41,294,764,112,312,0.7792,-1,-1,-1
551,42,842,749,118,319,0.7441,-1,-1,-1
551,43,762,583,53,119,0.7724,-1,-1,-1
552,40,158,766,98,304,0.7566,-1,-1,-1
552,41,251,769,112,309,0.7555,-1,-1,-1
552,42,817,746,117,329,0.7667,-1,-1,-1
552,43,743,583,54,118,0.7011,-1,-1,-1
553,40,112,775,100,304,0.7092,-1,-1,-1
553,41,202,776,115,304,0.7944,-1,-1,-1
553,42,794,752,117,326,0.7773,-1,-1,-1
553,43,724,584,55,119,0.7473,-1,-1,-1
554,40,67,781,103,300,0.7346,-1,-1,-1
554,41,152,784,122,297,0.7815,-1,-1,-1
554,42,765,757,122,323,0.7271,-1,-1,-1
554,43,706,582,54,121,0.8087,-1,-1,-1
555,40,21,790,105,293,0.8196,-1,-1,-1
555,41,109,795,123,286,0.8256,-1,-1,-1
555,42,730,760,131,312,0.7162,-1,-1,-1
555,43,688,581,55,123,0.7776,-1,-1,-1
556,40,-4,797,83,285,0.7617,-1,-1,-1
556,41,59,803,124,276,0.8280,-1,-1,-1
556,42,707,760,127,313,0.7871,-1,-1,-1
556,43,669,578,56,125,0.7870,-1,-1,-1
557,41,8,812,127,267,0.8305,-1,-1,-1
557,42,683,762,125,313,0.7090,-1,-1,-1
557,43,651,577,55,126,0.7344,-1,-1,-1
558,41,-10,819,86,255,0.7702,-1,-1,-1
558,42,662,763,120,315,0.8229,-1,-1,-1
558,43,634,575,53,129,0.8341,-1,-1,-1
559,42,630,761,126,317,0.8312,-1,-1,-1
559,43,615,575,55,129,0.8044,-1,-1,-1
560,42,604,761,127,319,0.8246,-1,-1,-1
560,43,598,576,54,131,0.7107,-1,-1,-1
561,42,578,756,128,324,0.8417,-1,-1,-1
561,43,580,575,55,133,0.7933,-1,-1,-1
562,42,552,759,129,322,0.7426,-1,-1,-1
562,43,563,579,57,133,0.7970,-1,-1,-1
563,42,528,758,127,323,0.8312,-1,-1,-1
563,43,547,581,58,134,0.7800,-1,-1,-1
564,42,502,760,128,321,0.7840,-1,-1,-1
564,43,531,582,58,134,0.7524,-1,-1,-1
565,42,474,761,132,319,0.7975,-1,-1,-1
565,43,514,581,60,135,0.7717,-1,-1,-1
566,42,446,767,135,313,0.7869,-1,-1,-1
566,43,498,582,61,135,0.7667,-1,-1,-1
567,42,419,777,138,304,0.8214,-1,-1,-1
567,43,482,584,62,137,0.7375,-1,-1,-1
568,42,388,783,145,297,0.7096,-1,-1,-1
568,43,463,584,65,139,0.7347,-1,-1,-1
569,42,359,787,151,293,0.8317,-1,-1,-1
569,43,445,584,67,143,0.7982,-1,-1,-1
570,42,333,794,152,286,0.7477,-1,-1,-1
570,43,428,586,69,142,0.7347,-1,-1,-1
571,42,307,799,151,281,0.5197,-1,-1,-1
571,43,411,589,71,143,0.7731,-1,-1,-1
572,42,290,799,146,244,0.6139,-1,-1,-1
572,43,397,593,68,141,0.7552,-1,-1,-1
573,42,256,799,153,265,0.5830,-1,-1,-1
573,43,379,592,71,143,0.7402,-1,-1,-1
574,42,232,800,152,242,0.6442,-1,-1,-1
574,43,362,596,73,144,0.7535,-1,-1,-1
575,42,201,798,154,265,0.5540,-1,-1,-1
575,43,347,596,72,145,0.7421,-1,-1,-1
576,42,170,804,158,270,0.7063,-1,-1,-1
576,43,329,598,74,147,0.7423,-1,-1,-1
577,42,145,806,154,272,0.6248,-1,-1,-1
577,43,312,598,75,147,0.7787,-1,-1,-1
577,44,1824,578,64,183,0.5288,-1,-1,-1
578,42,111,812,161,265,0.4661,-1,-1,-1
578,43,296,599,75,145,0.7182,-1,-1,-1
578,44,1818,575,61,189,0.3971,-1,-1,-1
579,42,86,817,160,233,0.6994,-1,-1,-1
579,43,280,599,74,149,0.7391,-1,-1,-1
579,44,1813,580,61,186,0.5921,-1,-1,-1
580,42,51,822,167,248,0.6252,-1,-1,-1
580,43,264,600,73,151,0.7953,-1,-1,-1
580,44,1806,587,63,182,0.5732,-1,-1,-1
581,42,28,826,161,249,0.5664,-1,-1,-1
581,43,248,600,72,152,0.7276,-1,-1,-1
581,44,1800,597,64,173,0.6652,-1,-1,-1
582,42,2,832,159,245,0.7572,-1,-1,-1
582,43,231,598,73,159,0.7934,-1,-1,-1
582,44,1794,596,63,176,0.6571,-1,-1,-1
583,42,-6,836,137,235,0.7363,-1,-1,-1
583,43,215,600,74,159,0.8148,-1,-1,-1
583,44,1789,595,64,179,0.6656,-1,-1,-1
584,42,-9,837,112,235,0.7794,-1,-1,-1
584,43,199,599,75,163,0.8136,-1,-1,-1
584,44,1784,594,64,180,0.6313,-1,-1,-1
585,42,-7,840,81,236,0.7996,-1,-1,-1
585,43,184,601,76,170,0.7796,-1,-1,-1
585,44,1777,591,67,186,0.4413,-1,-1,-1
586,42,-4,892,47,186,0.6828,-1,-1,-1
586,43,171,604,76,170,0.7929,-1,-1,-1
586,44,1773,588,67,187,0.4264,-1,-1,-1
587,43,158,604,77,174,0.7738,-1,-1,-1
587,44,1770,590,65,169,0.3662,-1,-1,-1
588,43,142,608,81,173,0.7575,-1,-1,-1
588,44,1770,586,59,163,0.5645,-1,-1,-1
589,43,126,611,84,174,0.7608,-1,-1,-1
589,44,1765,584,59,164,0.6483,-1,-1,-1
590,43,113,612,86,176,0.7938,-1,-1,-1
590,44,1763,583,58,167,0.6764,-1,-1,-1
591,43,99,612,87,181,0.7989,-1,-1,-1
591,44,1763,582,60,170,0.7349,-1,-1,-1
592,43,85,615,87,181,0.8155,-1,-1,-1
592,44,1762,579,64,168,0.7283,-1,-1,-1
593,43,71,617,88,181,0.8210,-1,-1,-1
593,44,1764,581,61,166,0.8074,-1,-1,-1
594,43,57,618,89,184,0.8018,-1,-1,-1
594,44,1760,581,66,168,0.8117,-1,-1,-1
595,43,46,618,88,188,0.8115,-1,-1,-1
595,44,1751,582,78,173,0.8396,-1,-1,-1
596,43,33,623,86,189,0.7723,-1,-1,-1
596,44,1748,582,82,175,0.8324,-1,-1,-1
596,45,320,538,41,99,0.5945,-1,-1,-1
597,43,19,625,91,193,0.7802,-1,-1,-1
597,44,1752,584,81,173,0.7942,-1,-1,-1
597,45,314,536,41,99,0.6165,-1,-1,-1
598,43,2,633,93,193,0.7728,-1,-1,-1
598,44,1755,585,82,172,0.8114,-1,-1,-1
598,45,308,540,41,101,0.6413,-1,-1,-1
599,43,-2,641,87,188,0.7194,-1,-1,-1
599,44,1762,583,77,173,0.7824,-1,-1,-1
599,45,305,540,42,103,0.6581,-1,-1,-1
600,43,-4,648,77,189,0.7065,-1,-1,-1
600,44,1767,579,78,179,0.7585,-1,-1,-1
600,45,301,539,44,105,0.6513,-1,-1,-1
601,43,-3,649,65,194,0.8069,-1,-1,-1
601,44,1774,580,77,179,0.7322,-1,-1,-1
601,45,300,540,43,104,0.6183,-1,-1,-1
602,43,-3,655,51,191,0.7298,-1,-1,-1
602,44,1781,579,72,179,0.6061,-1,-1,-1
602,45,297,541,43,105,0.6291,-1,-1,-1
603,43,-2,668,39,184,0.5247,-1,-1,-1
603,44,1787,581,66,175,0.6724,-1,-1,-1
603,45,292,542,47,104,0.6036,-1,-1,-1
604,44,1794,583,61,177,0.5460,-1,-1,-1
604,45,289,547,48,101,0.5883,-1,-1,-1
605,44,1804,582,55,181,0.5884,-1,-1,-1
605,45,285,548,49,101,0.5040,-1,-1,-1
606,44,1812,585,50,184,0.4225,-1,-1,-1
606,45,283,546,47,103,0.5870,-1,-1,-1
606,46,1239,516,33,92,0.6173,-1,-1,-1
607,45,280,544,47,105,0.6602,-1,-1,-1
607,46,1241,517,32,90,0.4420,-1,-1,-1
608,45,277,535,49,113,0.6702,-1,-1,-1
608,46,1246,519,28,89,0.3389,-1,-1,-1
609,45,275,536,50,109,0.6015,-1,-1,-1
609,46,1249,520,29,90,0.4128,-1,-1,-1
610,45,273,535,49,109,0.5522,-1,-1,-1
611,45,271,530,48,113,0.5952,-1,-1,-1
612,45,267,518,50,126,0.6511,-1,-1,-1
612,44,1824,592,49,186,0.6010,-1,-1,-1
613,45,264,503,51,139,0.6396,-1,-1,-1
613,44,1826,593,53,186,0.5974,-1,-1,-1
614,45,261,496,52,146,0.7281,-1,-1,-1
614,44,1832,597,57,188,0.6192,-1,-1,-1
615,45,259,494,51,149,0.7469,-1,-1,-1
615,44,1838,601,63,191,0.7297,-1,-1,-1
616,45,256,500,49,145,0.7546,-1,-1,-1
616,44,1844,604,64,194,0.5178,-1,-1,-1
616,46,1268,530,31,94,0.5480,-1,-1,-1
617,45,254,504,48,141,0.8095,-1,-1,-1
617,44,1849,606,68,200,0.7438,-1,-1,-1
617,46,1273,531,29,96,0.5832,-1,-1,-1
618,45,252,508,48,137,0.7483,-1,-1,-1
618,44,1854,607,67,206,0.7258,-1,-1,-1
618,46,1276,533,30,97,0.4402,-1,-1,-1
619,45,250,509,49,136,0.6825,-1,-1,-1
619,44,1862,608,60,207,0.7466,-1,-1,-1
619,46,1279,532,32,99,0.4789,-1,-1,-1
620,45,247,507,49,139,0.6609,-1,-1,-1
620,44,1868,608,54,213,0.8037,-1,-1,-1
620,46,1280,532,35,101,0.5886,-1,-1,-1
621,45,244,512,48,135,0.6038,-1,-1,-1
621,44,1875,608,47,215,0.7415,-1,-1,-1
621,46,1283,531,34,103,0.6147,-1,-1,-1
622,45,242,513,48,136,0.6067,-1,-1,-1
622,44,1880,612,42,199,0.7234,-1,-1,-1
622,46,1287,532,33,105,0.5910,-1,-1,-1
623,45,239,513,49,139,0.6009,-1,-1,-1
623,44,1885,606,36,195,0.4973,-1,-1,-1
623,46,1291,531,35,107,0.6453,-1,-1,-1
624,45,238,512,48,139,0.6329,-1,-1,-1
624,46,1296,533,35,105,0.5711,-1,-1,-1
625,45,236,528,49,129,0.6018,-1,-1,-1
625,46,1300,535,36,106,0.5405,-1,-1,-1
626,45,235,520,49,135,0.6374,-1,-1,-1
626,46,1305,533,38,105,0.6703,-1,-1,-1
627,45,234,536,49,125,0.7053,-1,-1,-1
627,46,1310,532,39,108,0.7351,-1,-1,-1
628,45,234,542,49,121,0.6836,-1,-1,-1
628,46,1318,533,37,108,0.6407,-1,-1,-1
629,45,234,548,50,120,0.7295,-1,-1,-1
629,46,1323,531,40,107,0.6526,-1,-1,-1
630,45,235,548,51,121,0.6442,-1,-1,-1
630,46,1331,531,42,107,0.7006,-1,-1,-1
631,45,236,549,54,120,0.6275,-1,-1,-1
631,46,1339,531,41,107,0.6928,-1,-1,-1
632,45,236,547,55,125,0.6445,-1,-1,-1
632,46,1346,532,41,110,0.6685,-1,-1,-1
633,45,237,546,55,128,0.6432,-1,-1,-1
633,46,1354,534,41,108,0.6795,-1,-1,-1
634,45,238,541,53,137,0.6469,-1,-1,-1
634,46,1362,535,39,109,0.6613,-1,-1,-1
635,45,241,538,50,138,0.6474,-1,-1,-1
635,46,1370,533,42,115,0.6911,-1,-1,-1
636,45,242,546,50,133,0.6572,-1,-1,-1
636,46,1377,539,43,117,0.6331,-1,-1,-1
637,45,245,539,50,142,0.6799,-1,-1,-1
637,46,1387,539,42,120,0.5137,-1,-1,-1
638,45,246,538,50,145,0.6017,-1,-1,-1
638,46,1396,540,44,123,0.6394,-1,-1,-1
639,45,251,536,49,148,0.6438,-1,-1,-1
639,46,1407,542,42,123,0.3971,-1,-1,-1
640,45,253,547,48,140,0.7193,-1,-1,-1
640,46,1417,544,42,121,0.5781,-1,-1,-1
641,45,256,551,49,137,0.7079,-1,-1,-1
641,46,1426,550,42,117,0.5279,-1,-1,-1
642,45,258,545,50,142,0.5475,-1,-1,-1
642,46,1438,551,41,116,0.5140,-1,-1,-1
643,45,261,536,49,154,0.4208,-1,-1,-1
646,45,269,564,47,131,0.5365,-1,-1,-1
647,45,273,570,46,124,0.4319,-1,-1,-1
648,45,276,569,49,127,0.5438,-1,-1,-1
649,45,281,543,48,148,0.6536,-1,-1,-1
650,45,284,542,50,151,0.6941,-1,-1,-1
651,45,290,546,51,149,0.7286,-1,-1,-1
652,45,299,548,47,137,0.6258,-1,-1,-1
653,45,306,548,43,140,0.4442,-1,-1,-1
654,45,312,546,43,144,0.5645,-1,-1,-1
660,45,360,592,43,127,0.5191,-1,-1,-1
661,45,368,595,42,102,0.4781,-1,-1,-1
662,45,375,598,43,100,0.5103,-1,-1,-1
663,45,383,599,45,110,0.6184,-1,-1,-1
664,45,387,597,49,115,0.6113,-1,-1,-1
665,45,390,598,56,116,0.6439,-1,-1,-1
666,45,397,595,59,116,0.7369,-1,-1,-1
667,45,394,590,74,122,0.6288,-1,-1,-1
668,45,396,585,84,130,0.7731,-1,-1,-1
669,45,403,606,90,109,0.5167,-1,-1,-1
670,45,414,584,96,129,0.5945,-1,-1,-1
671,45,424,573,98,140,0.5342,-1,-1,-1
672,45,436,568,96,144,0.5166,-1,-1,-1
680,45,549,568,90,145,0.6444,-1,-1,-1
682,45,595,619,66,142,0.5913,-1,-1,-1
689,45,670,567,103,150,0.6374,-1,-1,-1
690,45,680,565,111,151,0.6685,-1,-1,-1
691,45,703,564,101,151,0.4332,-1,-1,-1
692,45,744,567,76,150,0.6232,-1,-1,-1
693,45,750,570,84,149,0.5447,-1,-1,-1
694,45,762,582,90,142,0.4086,-1,-1,-1
695,45,784,584,85,147,0.4209,-1,-1,-1
697,45,812,583,92,154,0.5674,-1,-1,-1
698,45,824,582,97,156,0.6379,-1,-1,-1
699,45,840,582,97,158,0.5464,-1,-1,-1
700,45,851,584,105,161,0.6988,-1,-1,-1
701,45,873,587,101,162,0.7290,-1,-1,-1
702,45,914,595,78,158,0.6167,-1,-1,-1
703,45,946,605,62,154,0.4550,-1,-1,-1
704,45,956,612,69,154,0.6148,-1,-1,-1
705,45,974,612,69,159,0.5216,-1,-1,-1
706,45,983,614,79,162,0.7833,-1,-1,-1
707,45,992,614,88,166,0.6458,-1,-1,-1
708,45,998,615,103,172,0.6716,-1,-1,-1
709,45,1008,614,113,175,0.7007,-1,-1,-1
709,48,568,519,36,98,0.6814,-1,-1,-1
710,45,1023,621,119,178,0.6451,-1,-1,-1
710,48,573,525,35,98,0.6373,-1,-1,-1
711,45,1040,622,120,177,0.7395,-1,-1,-1
711,48,574,531,35,95,0.6326,-1,-1,-1
712,45,1065,631,111,176,0.5827,-1,-1,-1
712,48,575,537,36,93,0.6233,-1,-1,-1
713,45,1111,629,85,174,0.5879,-1,-1,-1
713,48,576,535,37,95,0.6890,-1,-1,-1
714,45,1128,638,99,171,0.6303,-1,-1,-1
714,48,578,548,35,94,0.5890,-1,-1,-1
715,45,1142,634,102,174,0.7579,-1,-1,-1
715,48,581,545,35,96,0.5826,-1,-1,-1
716,45,1155,631,102,180,0.7134,-1,-1,-1
716,48,582,544,36,102,0.6322,-1,-1,-1
717,45,1172,629,105,184,0.7859,-1,-1,-1
717,48,586,545,36,102,0.6690,-1,-1,-1
718,45,1189,627,108,192,0.6907,-1,-1,-1
718,48,587,547,36,102,0.7132,-1,-1,-1
719,45,1209,627,109,197,0.7050,-1,-1,-1
719,48,590,544,36,102,0.7669,-1,-1,-1
720,45,1228,632,114,197,0.7281,-1,-1,-1
720,48,588,548,37,105,0.6880,-1,-1,-1
721,45,1261,635,99,172,0.6991,-1,-1,-1
721,48,590,551,37,103,0.6596,-1,-1,-1
722,45,1293,646,86,149,0.5694,-1,-1,-1
722,48,590,551,39,107,0.6603,-1,-1,-1
723,45,1311,652,97,183,0.5790,-1,-1,-1
723,48,592,550,40,108,0.6728,-1,-1,-1
724,45,1351,664,80,157,0.5085,-1,-1,-1
724,48,593,561,39,108,0.7482,-1,-1,-1
725,45,1373,664,78,188,0.6656,-1,-1,-1
725,48,594,562,42,108,0.6642,-1,-1,-1
726,45,1389,670,90,199,0.7081,-1,-1,-1
726,48,597,559,42,109,0.7447,-1,-1,-1
727,45,1402,676,102,202,0.6766,-1,-1,-1
727,48,595,565,43,113,0.7246,-1,-1,-1
728,45,1416,679,116,212,0.5338,-1,-1,-1
728,48,599,564,41,111,0.6549,-1,-1,-1
729,45,1432,680,129,215,0.5637,-1,-1,-1
729,48,599,565,41,110,0.5137,-1,-1,-1
730,45,1490,688,106,227,0.6603,-1,-1,-1
730,48,600,570,44,110,0.5545,-1,-1,-1
731,45,1504,693,116,226,0.3920,-1,-1,-1
731,48,601,567,47,111,0.5955,-1,-1,-1
732,45,1552,698,94,231,0.5743,-1,-1,-1
732,48,600,566,49,115,0.6184,-1,-1,-1
733,45,1584,699,91,234,0.5375,-1,-1,-1
733,48,602,567,50,115,0.6404,-1,-1,-1
734,45,1597,705,108,234,0.6577,-1,-1,-1
734,48,605,563,46,118,0.6413,-1,-1,-1
735,45,1612,704,117,239,0.7797,-1,-1,-1
735,48,604,567,46,115,0.5554,-1,-1,-1
736,45,1631,698,128,252,0.7803,-1,-1,-1
736,48,607,562,44,120,0.6558,-1,-1,-1
737,45,1656,695,128,264,0.7243,-1,-1,-1
737,48,608,561,44,122,0.6816,-1,-1,-1
738,45,1683,704,138,267,0.7777,-1,-1,-1
738,48,607,562,46,124,0.6904,-1,-1,-1
739,45,1712,710,147,268,0.7859,-1,-1,-1
739,48,608,561,47,127,0.6874,-1,-1,-1
740,45,1740,724,150,264,0.6298,-1,-1,-1
740,48,608,562,48,130,0.7529,-1,-1,-1
741,48,609,563,48,131,0.7410,-1,-1,-1
742,48,609,564,49,132,0.7571,-1,-1,-1
743,48,608,568,50,130,0.7610,-1,-1,-1
744,48,607,569,51,133,0.7427,-1,-1,-1
745,48,606,573,51,131,0.7285,-1,-1,-1
746,48,603,574,52,131,0.6689,-1,-1,-1
747,48,601,577,53,131,0.7166,-1,-1,-1
748,48,601,578,52,131,0.6896,-1,-1,-1
749,48,601,579,49,130,0.7422,-1,-1,-1
750,48,601,579,49,131,0.7214,-1,-1,-1